Table 1 from UNDP's 2013 Human Development Report: http://hdr.undp.org/en/media/HDR_2013_EN_complete.pdf
Copied here using Adobe Reader 9.0

Very high human development
Country HDI2012 LifeExp2012 MeanYrsSchooling2010 ExpectedYrsSchooling2011 GNI2012 GNI-HDI2012 NonincomeHDI2012

1 Norway 0.955 81.3 12.6 17.5 48,688 4 0.977
2 Australia 0.938 82.0 12.0 c 19.6 d 34,340 15 0.978
3 United States 0.937 78.7 13.3 16.8 43,480 6 0.958
4 Netherlands 0.921 80.8 11.6 c 16.9 37,282 8 0.945
5 Germany 0.920 80.6 12.2 16.4 e 35,431 10 0.948
6 New Zealand 0.919 80.8 12.5 19.7 d 24,358 26 0.978
7 Ireland 0.916 80.7 11.6 18.3 d 28,671 19 0.960
7 Sweden 0.916 81.6 11.7 c 16.0 36,143 6 0.940
9 Switzerland 0.913 82.5 11.0 c 15.7 40,527 2 0.926
10 Japan 0.912 83.6 11.6 c 15.3 32,545 11 0.942
11 Canada 0.911 81.1 12.3 15.1 35,369 5 0.934
12 Korea, Republic of 0.909 80.7 11.6 17.2 28,231 15 0.949
13 Hong Kong, China (SAR) 0.906 83.0 10.0 15.5 45,598 –6 0.907
13 Iceland 0.906 81.9 10.4 18.3 d 29,176 12 0.943
15 Denmark 0.901 79.0 11.4 c 16.8 33,518 4 0.924
16 Israel 0.900 81.9 11.9 15.7 26,224 13 0.942
17 Belgium 0.897 80.0 10.9 c 16.4 33,429 3 0.917
18 Austria 0.895 81.0 10.8 15.3 36,438 –5 0.908
18 Singapore 0.895 81.2 10.1 c 14.4 f 52,613 –15 0.880
20 France 0.893 81.7 10.6 c 16.1 30,277 4 0.919
21 Finland 0.892 80.1 10.3 16.9 32,510 2 0.912
21 Slovenia 0.892 79.5 11.7 16.9 23,999 12 0.936
23 Spain 0.885 81.6 10.4 c 16.4 25,947 8 0.919
24 Liechtenstein 0.883 79.8 10.3 g 11.9 84,880 h –22 0.832
25 Italy 0.881 82.0 10.1 c 16.2 26,158 5 0.911
26 Luxembourg 0.875 80.1 10.1 13.5 48,285 –20 0.858
26 United Kingdom 0.875 80.3 9.4 16.4 32,538 –5 0.886
28 Czech Republic 0.873 77.8 12.3 15.3 22,067 10 0.913
29 Greece 0.860 80.0 10.1 c 16.3 20,511 13 0.899
30 Brunei Darussalam 0.855 78.1 8.6 15.0 45,690 –23 0.832
31 Cyprus 0.848 79.8 9.8 14.9 23,825 4 0.869
32 Malta 0.847 79.8 9.9 15.1 21,184 9 0.876
33 Andorra 0.846 81.1 10.4 i 11.7 33,918 j –15 0.839
33 Estonia 0.846 75.0 12.0 15.8 17,402 13 0.892
35 Slovakia 0.840 75.6 11.6 14.7 19,696 9 0.872
36 Qatar 0.834 78.5 7.3 12.2 87,478 k –35 0.761
37 Hungary 0.831 74.6 11.7 15.3 16,088 13 0.874
38 Barbados 0.825 77.0 9.3 16.3 17,308 10 0.859
39 Poland 0.821 76.3 10.0 15.2 17,776 7 0.851
40 Chile 0.819 79.3 9.7 14.7 14,987 13 0.863
41 Lithuania 0.818 72.5 10.9 15.7 16,858 7 0.850
41 United Arab Emirates 0.818 76.7 8.9 12.0 42,716 –31 0.783
43 Portugal 0.816 79.7 7.7 16.0 19,907 0 0.835
44 Latvia 0.814 73.6 11.5 c 14.8 14,724 10 0.856
45 Argentina 0.811 76.1 9.3 16.1 15,347 7 0.848
46 Seychelles 0.806 73.8 9.4 l 14.3 22,615 –9 0.808
47 Croatia 0.805 76.8 9.8 c 14.1 15,419 4 0.837
High human development
48 Bahrain 0.796 75.2 9.4 13.4 e 19,154 –3 0.806
49 Bahamas 0.794 75.9 8.5 12.6 27,401 –21 0.777
50 Belarus 0.793 70.6 11.5 l 14.7 13,385 11 0.830
51 Uruguay 0.792 77.2 8.5 c 15.5 13,333 11 0.829
52 Montenegro 0.791 74.8 10.5 l 15.0 10,471 24 0.850
52 Palau 0.791 72.1 12.2 13.7 e 11,463 m 18 0.840
54 Kuwait 0.790 74.7 6.1 14.2 52,793 –51 0.730
55 Russian Federation 0.788 69.1 11.7 14.3 14,461 0 0.816
56 Romania 0.786 74.2 10.4 14.5 11,011 16 0.836
57 Bulgaria 0.782 73.6 10.6 c 14.0 11,474 12 0.826
57 Saudi Arabia 0.782 74.1 7.8 14.3 22,616 –21 0.774
59 Cuba 0.780 79.3 10.2 16.2 5,539 n 44 0.894
59 Panama 0.780 76.3 9.4 13.2 13,519 1 0.810
61 Mexico 0.775 77.1 8.5 13.7 12,947 4 0.805
62 Costa Rica 0.773 79.4 8.4 13.7 10,863 12 0.816
63 Grenada 0.770 76.1 8.6 e 15.8 9,257 21 0.827
64 Libya 0.769 75.0 7.3 16.2 13,765 –8 0.791
64 Malaysia 0.769 74.5 9.5 12.6 13,676 –7 0.791
64 Serbia 0.769 74.7 10.2 c 13.6 9,533 16 0.823
67 Antigua and Barbuda 0.760 72.8 8.9 13.3 13,883 –12 0.776
67 Trinidad and Tobago 0.760 70.3 9.2 11.9 21,941 –28 0.743
69 Kazakhstan 0.754 67.4 10.4 15.3 10,451 8 0.791
70 Albania 0.749 77.1 10.4 11.4 7,822 21 0.807
71 Venezuela, Bolivarian Republic of 0.748 74.6 7.6 c 14.4 11,475 –2 0.774
72 Dominica 0.745 77.6 7.7 l 12.7 10,977 –1 0.771
72 Georgia 0.745 73.9 12.1 o 13.2 5,005 37 0.845
72 Lebanon 0.745 72.8 7.9 l 13.9 12,364 –5 0.762
72 Saint Kitts and Nevis 0.745 73.3 8.4 e 12.9 12,460 –5 0.763
76 Iran, Islamic Republic of 0.742 73.2 7.8 14.4 10,695 –1 0.769
77 Peru 0.741 74.2 8.7 13.2 9,306 6 0.780
78 The former Yugoslav Republic of Macedonia 0.740 75.0 8.2 o 13.4 9,377 2 0.777
78 Ukraine 0.740 68.8 11.3 14.8 6,428 22 0.813
80 Mauritius 0.737 73.5 7.2 13.6 13,300 –17 0.745
81 Bosnia and Herzegovina 0.735 75.8 8.3 l 13.4 7,713 13 0.787
82 Azerbaijan 0.734 70.9 11.2 l 11.7 8,153 5 0.780
83 Saint Vincent and the Grenadines 0.733 72.5 8.6 e 13.3 9,367 –1 0.767
84 Oman 0.731 73.2 5.5 l 13.5 24,092 –51 0.694
85 Brazil 0.730 73.8 7.2 14.2 10,152 –8 0.755
85 Jamaica 0.730 73.3 9.6 13.1 6,701 14 0.792
87 Armenia 0.729 74.4 10.8 12.2 5,540 16 0.808
88 Saint Lucia 0.725 74.8 8.3 e 12.7 7,971 1 0.768
89 Ecuador 0.724 75.8 7.6 13.7 7,471 7 0.772
90 Turkey 0.722 74.2 6.5 12.9 13,710 –32 0.720
91 Colombia 0.719 73.9 7.3 13.6 8,711 –6 0.751
92 Sri Lanka 0.715 75.1 9.3 c 12.7 5,170 18 0.792
93 Algeria 0.713 73.4 7.6 13.6 7,418 4 0.755
94 Tunisia 0.712 74.7 6.5 14.5 8,103 –6 0.746
Medium human development
95 Tonga 0.710 72.5 10.3 c 13.7 4,153 26 0.807
96 Belize 0.702 76.3 8.0 c 12.5 5,327 8 0.767
96 Dominican Republic 0.702 73.6 7.2 c 12.3 8,506 –11 0.726
96 Fiji 0.702 69.4 10.7 c 13.9 4,087 24 0.794
96 Samoa 0.702 72.7 10.3 l 13.0 3,928 28 0.800
100 Jordan 0.700 73.5 8.6 12.7 5,272 8 0.766
101 China 0.699 73.7 7.5 11.7 7,945 –11 0.728
102 Turkmenistan 0.698 65.2 9.9 p 12.6 e 7,782 –10 0.727
103 Thailand 0.690 74.3 6.6 12.3 7,722 –10 0.715
104 Maldives 0.688 77.1 5.8 c 12.5 7,478 –9 0.715
105 Suriname 0.684 70.8 7.2 o 12.4 7,327 –7 0.710
106 Gabon 0.683 63.1 7.5 13.0 12,521 –40 0.668
107 El Salvador 0.680 72.4 7.5 12.0 5,915 –5 0.723
108 Bolivia, Plurinational State of 0.675 66.9 9.2 13.5 4,444 7 0.740
108 Mongolia 0.675 68.8 8.3 14.3 4,245 10 0.746
110 Palestine, State of 0.670 73.0 8.0 l 13.5 3,359 q 20 0.761
111 Paraguay 0.669 72.7 7.7 12.1 4,497 4 0.730
112 Egypt 0.662 73.5 6.4 12.1 5,401 –6 0.702
113 Moldova, Republic of 0.660 69.6 9.7 11.8 3,319 19 0.747
114 Philippines 0.654 69.0 8.9 c 11.7 3,752 11 0.724
114 Uzbekistan 0.654 68.6 10.0 o 11.6 3,201 19 0.740
116 Syrian Arab Republic 0.648 76.0 5.7 c 11.7 e 4,674 r –2 0.692
117 Micronesia, Federated States of 0.645 69.2 8.8 p 11.4 e 3,352 m 14 0.719
118 Guyana 0.636 70.2 8.5 10.3 3,387 11 0.703
119 Botswana 0.634 53.0 8.9 11.8 13,102 –55 0.596
120 Honduras 0.632 73.4 6.5 11.4 3,426 8 0.695
121 Indonesia 0.629 69.8 5.8 12.9 4,154 –3 0.672
121 Kiribati 0.629 68.4 7.8 e 12.0 3,079 13 0.701
121 South Africa 0.629 53.4 8.5 c 13.1 e 9,594 –42 0.608
124 Vanuatu 0.626 71.3 6.7 e 10.6 3,960 –1 0.672
125 Kyrgyzstan 0.622 68.0 9.3 12.6 2,009 24 0.738
125 Tajikistan 0.622 67.8 9.8 11.5 2,119 19 0.731
127 Viet Nam 0.617 75.4 5.5 11.9 2,970 9 0.686
128 Namibia 0.608 62.6 6.2 11.3 5,973 –27 0.611
129 Nicaragua 0.599 74.3 5.8 10.8 2,551 10 0.671
130 Morocco 0.591 72.4 4.4 10.4 4,384 –13 0.608
131 Iraq 0.590 69.6 5.6 10.0 3,557 –4 0.623
132 Cape Verde 0.586 74.3 3.5 e 12.7 3,609 –6 0.617
133 Guatemala 0.581 71.4 4.1 10.7 4,235 –14 0.596
134 Timor-Leste 0.576 62.9 4.4 s 11.7 5,446 –29 0.569
135 Ghana 0.558 64.6 7.0 11.4 1,684 22 0.646
136 Equatorial Guinea 0.554 51.4 5.4 o 7.9 21,715 –97 0.463
136 India 0.554 65.8 4.4 10.7 3,285 –3 0.575
138 Cambodia 0.543 63.6 5.8 10.5 2,095 9 0.597
138 Lao People’s Democratic Republic 0.543 67.8 4.6 10.1 2,435 2 0.584
140 Bhutan 0.538 67.6 2.3 s 12.4 5,246 –31 0.516
141 Swaziland 0.536 48.9 7.1 10.7 5,104 –30 0.515
Low human development
142 Congo 0.534 57.8 5.9 10.1 2,934 –5 0.553
143 Solomon Islands 0.530 68.2 4.5 p 9.3 2,172 1 0.572
144 Sao Tome and Principe 0.525 64.9 4.7 s 10.8 1,864 7 0.579
145 Kenya 0.519 57.7 7.0 11.1 1,541 15 0.588
146 Bangladesh 0.515 69.2 4.8 8.1 1,785 9 0.567
146 Pakistan 0.515 65.7 4.9 7.3 2,566 –9 0.534
148 Angola 0.508 51.5 4.7 s 10.2 4,812 –35 0.479
149 Myanmar 0.498 65.7 3.9 9.4 1,817 5 0.537
150 Cameroon 0.495 52.1 5.9 10.9 2,114 –4 0.520
151 Madagascar 0.483 66.9 5.2 p 10.4 828 28 0.601
152 Tanzania, United Republic of 0.476 58.9 5.1 9.1 1,383 10 0.527
153 Nigeria 0.471 52.3 5.2 s 9.0 2,102 –6 0.482
154 Senegal 0.470 59.6 4.5 8.2 1,653 4 0.501
155 Mauritania 0.467 58.9 3.7 8.1 2,174 –12 0.473
156 Papua New Guinea 0.466 63.1 3.9 5.8 e 2,386 –15 0.464
157 Nepal 0.463 69.1 3.2 8.9 1,137 11 0.526
158 Lesotho 0.461 48.7 5.9 c 9.6 1,879 –8 0.476
159 Togo 0.459 57.5 5.3 10.6 928 16 0.542
160 Yemen 0.458 65.9 2.5 8.7 1,820 –7 0.474
161 Haiti 0.456 62.4 4.9 7.6 e 1,070 7 0.521
161 Uganda 0.456 54.5 4.7 11.1 1,168 5 0.511
163 Zambia 0.448 49.4 6.7 8.5 1,358 0 0.483
164 Djibouti 0.445 58.3 3.8 o 5.7 2,350 –22 0.435
165 Gambia 0.439 58.8 2.8 8.7 1,731 –9 0.448
166 Benin 0.436 56.5 3.2 9.4 1,439 –5 0.459
167 Rwanda 0.434 55.7 3.3 10.9 1,147 0 0.476
168 Côte d’Ivoire 0.432 56.0 4.2 6.5 1,593 –9 0.444
169 Comoros 0.429 61.5 2.8 p 10.2 986 4 0.484
170 Malawi 0.418 54.8 4.2 10.4 774 10 0.492
171 Sudan 0.414 61.8 3.1 4.5 1,848 –19 0.405
172 Zimbabwe 0.397 52.7 7.2 10.1 424 t 14 0.542
173 Ethiopia 0.396 59.7 2.2 s 8.7 1,017 –2 0.425
174 Liberia 0.388 57.3 3.9 10.5 e 480 11 0.502
175 Afghanistan 0.374 49.1 3.1 8.1 1,000 –3 0.393
176 Guinea-Bissau 0.364 48.6 2.3 o 9.5 1,042 –6 0.373
177 Sierra Leone 0.359 48.1 3.3 7.3 e 881 0 0.380
178 Burundi 0.355 50.9 2.7 11.3 544 4 0.423
178 Guinea 0.355 54.5 1.6 s 8.8 941 –4 0.368
180 Central African Republic 0.352 49.1 3.5 6.8 722 1 0.386
181 Eritrea 0.351 62.0 3.4 e 4.6 531 3 0.418
182 Mali 0.344 51.9 2.0 c 7.5 853 –4 0.359
183 Burkina Faso 0.343 55.9 1.3 o 6.9 1,202 –18 0.332
184 Chad 0.340 49.9 1.5 p 7.4 1,258 –20 0.324
185 Mozambique 0.327 50.7 1.2 9.2 906 –9 0.327