"rgn_id","pressure_score"
248100,0.0777893886102276
248200,0.0583757857636735
248300,0.142151872710649
248400,0.157316536718641
248500,0.0144289167940705
248600,0.0498564949698316
258410,0.168562654422062
258420,0.0442654186434299
258431,0.0273237705231606
258432,0.0743088398027221
258441,0.0192621572973658
258442,0.00952772409902015
258510,0.0514721641875483
258520,0.0618519031559521
258600,0.0149010902160406
258700,0.152689468544205
288100,0.0200531969336188
288200,0.0551184602836397
288300,0.0391312694727824
