"zone","human_count_2000_mol","human_count_2001_mol","human_count_2002_mol","human_count_2003_mol","human_count_2004_mol","human_count_2005_mol","human_count_2006_mol","human_count_2007_mol","human_count_2008_mol","human_count_2009_mol","human_count_2010_mol","human_count_2011_mol","human_count_2012_mol","human_count_2013_mol","human_count_2014_mol","human_count_2015_mol","human_count_2016_mol","human_count_2017_mol","human_count_2018_mol","human_count_2019_mol","human_count_2020_mol"
1,3520.00380147465,3561.48750842683,3602.97121537901,3644.45492233119,3685.93862928337,3727.42233623555,3796.85572632861,3866.28911642166,3935.72250651471,4005.15589660777,4074.58928670082,4140.99499565746,4207.4007046141,4273.80641357074,4340.21212252738,4406.61783148402,4466.47788146093,4526.33793143784,4586.19798141476,4646.05803139167,4705.91808136859
2,4298.45362016845,4352.24017755799,4406.02673494753,4459.81329233707,4513.59984972662,4567.38640711616,4653.10194756355,4738.81748801094,4824.53302845833,4910.24856890572,4995.96410935311,5077.77014316482,5159.57617697653,5241.38221078824,5323.18824459994,5404.99427841165,5480.3869977135,5555.77971701534,5631.17243631719,5706.56515561903,5781.95787492088
3,3883.24833294358,3881.83692406039,3880.4255151772,3879.01410629401,3877.60269741083,3876.19128852764,3898.10358475663,3920.01588098563,3941.92817721463,3963.84047344362,3985.75276967262,3999.6501784569,4013.54758724119,4027.44499602547,4041.34240480975,4055.23981359404,4058.95918540427,4062.6785572145,4066.39792902474,4070.11730083497,4073.8366726452
4,0,0,0,0,0,0,0,0,0,0,0,0,0,0,0,0,0,0,0,0,0
5,345542.083469842,351624.406782682,357706.730095521,363789.053408361,369871.376721201,375953.70003404,381330.896816768,386708.093599495,392085.290382223,397462.48716495,402839.683947678,407494.525109258,412149.366270838,416804.207432417,421459.048593997,426113.889755577,430198.461670277,434283.033584977,438367.605499678,442452.177414378,446536.749329078
6,277366.5850598,284469.356706292,291572.128352785,298674.899999277,305777.671645769,312880.443292262,320715.128341057,328549.813389852,336384.498438646,344219.183487441,352053.868536236,360270.312872241,368486.757208247,376703.201544252,384919.645880257,393136.090216262,401623.851324156,410111.61243205,418599.373539943,427087.134647837,435574.895755731
7,740087.157928841,758733.732740638,777380.307552435,796026.882364232,814673.457176028,833320.031987825,851386.107903062,869452.183818299,887518.259733535,905584.335648772,923650.411564009,941402.018672913,959153.625781817,976905.232890721,994656.839999625,1012408.44710853,1029265.14322889,1046121.83934925,1062978.53546961,1079835.23158996,1096691.92771032
8,63808.0134583503,63935.7408069032,64063.4681554561,64191.1955040091,64318.922852562,64446.6502011149,64328.742734589,64210.835268063,64092.9278015371,63975.0203350111,63857.1128684852,63768.7889444606,63680.4650204361,63592.1410964115,63503.8171723869,63415.4932483624,63410.1793997059,63404.8655510495,63399.551702393,63394.2378537366,63388.9240050801
9,409111.646347716,406753.466978527,404395.287609338,402037.108240149,399678.928870961,397320.749501772,394684.021599418,392047.293697064,389410.56579471,386773.837892356,384137.109990002,384792.168777336,385447.22756467,386102.286352005,386757.345139339,387412.403926673,390822.044428858,394231.684931044,397641.32543323,401050.965935416,404460.606437602
10,20798.0999474363,20788.8289126056,20779.5578777749,20770.2868429442,20761.0158081135,20751.7447732828,20684.8581070723,20617.9714408619,20551.0847746514,20484.198108441,20417.3114422305,20475.0986404856,20532.8858387406,20590.6730369957,20648.4602352507,20706.2474335058,20767.1960537597,20828.1446740136,20889.0932942675,20950.0419145214,21010.9905347754
11,460788.494748786,460430.389762219,460072.284775653,459714.179789087,459356.07480252,458997.969815954,459466.387649212,459934.80548247,460403.223315727,460871.641148985,461340.058982243,462155.941689828,462971.824397414,463787.707104999,464603.589812584,465419.472520169,465736.96464106,466054.456761952,466371.948882843,466689.441003734,467006.933124626
12,0,0,0,0,0,0,0,0,0,0,0,0,0,0,0,0,0,0,0,0,0
13,282090.033136674,281353.714627049,280617.396117424,279881.0776078,279144.759098175,278408.440588551,275230.213647666,272051.98670678,268873.759765895,265695.53282501,262517.305884125,265075.14997761,267632.994071096,270190.838164581,272748.682258067,275306.526351552,277707.011487896,280107.49662424,282507.981760584,284908.466896927,287308.952033271
14,23389835.425743,23554602.6116745,23719369.7976061,23884136.9835376,24048904.1694692,24213671.3554007,24320083.2679623,24426495.1805239,24532907.0930854,24639319.005647,24745730.9182085,24784488.2121523,24823245.506096,24862002.8000397,24900760.0939835,24939517.3879272,24944003.2319613,24948489.0759954,24952974.9200295,24957460.7640636,24961946.6080976
15,89939254.2312015,91683650.5664904,93428046.9017792,95172443.2370681,96916839.5723569,98661235.9076457,100121977.769842,101582719.632038,103043461.494234,104504203.35643,105964945.218627,107614840.357635,109264735.496643,110914630.635651,112564525.774659,114214420.913667,115892761.430489,117571101.947311,119249442.464133,120927782.980955,122606123.497777
16,17783373.4537986,18000633.4487589,18217893.4437192,18435153.4386795,18652413.4336398,18869673.4286001,19221247.7871938,19572822.1457875,19924396.5043812,20275970.8629748,20627545.2215685,20963770.7778977,21299996.3342269,21636221.890556,21972447.4468852,22308673.0032143,22611855.6073852,22915038.2115562,23218220.8157271,23521403.419898,23824586.0240689
17,2789297.67909142,2843416.3527388,2897535.02638618,2951653.70003356,3005772.37368093,3059891.04732831,3112103.78910889,3164316.53088947,3216529.27267006,3268742.01445064,3320954.75623122,3366740.0753031,3412525.39437498,3458310.71344687,3504096.03251875,3549881.35159063,3589473.44818001,3629065.54476939,3668657.64135877,3708249.73794814,3747841.83453752
18,185499.919629333,185115.954517269,184731.989405206,184348.024293142,183964.059181079,183580.094069015,184373.103679872,185166.113290729,185959.122901586,186752.132512443,187545.1421233,188000.08437717,188455.02663104,188909.96888491,189364.91113878,189819.85339265,189833.005754045,189846.15811544,189859.310476835,189872.46283823,189885.615199624
19,45291.1921890183,45656.237482784,46021.2827765497,46386.3280703154,46751.3733640811,47116.4186578469,47356.8006196061,47597.1825813654,47837.5645431246,48077.9465048839,48318.3284666431,48520.7875556435,48723.2466446438,48925.7057336441,49128.1648226444,49330.6239116448,49637.2679989982,49943.9120863516,50250.5561737051,50557.2002610585,50863.8443484119
20,41500828.4516253,41767899.0109606,42034969.570296,42302040.1296314,42569110.6889668,42836181.2483022,43123915.0575316,43411648.8667611,43699382.6759905,43987116.48522,44274850.2944494,44519724.5491451,44764598.8038407,45009473.0585363,45254347.313232,45499221.5679276,45710148.435786,45921075.3036443,46132002.1715026,46342929.039361,46553855.9072193
21,16538878.3770657,16674496.6717337,16810114.9664016,16945733.2610695,17081351.5557374,17216969.8504053,17310829.4623805,17404689.0743557,17498548.6863309,17592408.2983061,17686267.9102813,17775061.4901744,17863855.0700674,17952648.6499605,18041442.2298536,18130235.8097466,18211810.4239224,18293385.0380981,18374959.6522738,18456534.2664496,18538108.8806253
24,898990.598891999,913973.624386307,928956.649880615,943939.675374922,958922.70086923,973905.726363537,984683.457628309,995461.188893081,1006238.92015785,1017016.65142262,1027794.3826874,1035171.90770231,1042549.43271723,1049926.95773215,1057304.48274706,1064682.00776198,1061807.34397444,1058932.6801869,1056058.01639936,1053183.35261183,1050308.68882429
25,21653153.5904766,22268111.9331418,22883070.275807,23498028.6184722,24112986.9611374,24727945.3038026,25223962.3034823,25719979.3031621,26215996.3028418,26712013.3025216,27208030.3022013,27785101.9105629,28362173.5189244,28939245.127286,29516316.7356475,30093388.3440091,30654648.839734,31215909.335459,31777169.8311839,32338430.3269088,32899690.8226338
26,548976.561123686,553143.127305516,557309.693487345,561476.259669175,565642.825851004,569809.392032834,573060.582056892,576311.772080951,579562.962105009,582814.152129067,586065.342153126,588269.512792798,590473.68343247,592677.854072142,594882.024711814,597086.195351486,598725.016134156,600363.836916827,602002.657699497,603641.478482167,605280.299264838
28,708509.01683469,726752.61311534,744996.209395989,763239.805676639,781483.401957288,799726.998237938,820304.729493315,840882.460748691,861460.192004068,882037.923259444,902615.654514821,925675.26539247,948734.87627012,971794.487147769,994854.098025418,1017913.70890307,1042210.38015973,1066507.0514164,1090803.72267306,1115100.39392973,1139397.06518639
29,243599.320696442,252095.950499827,260592.580303212,269089.210106597,277585.839909983,286082.469713368,295328.526089764,304574.58246616,313820.638842556,323066.695218952,332312.751595348,341600.265726612,350887.779857877,360175.293989141,369462.808120406,378750.32225167,388452.97206824,398155.62188481,407858.27170138,417560.92151795,427263.57133452
30,0,0,0,0,0,0,0,0,0,0,0,0,0,0,0,0,0,0,0,0,0
31,139872.257536823,142439.93677895,145007.616021076,147575.295263203,150142.974505329,152710.653747456,154162.494309269,155614.334871082,157066.175432896,158518.015994709,159969.856556523,161107.558455839,162245.260355156,163382.962254472,164520.664153789,165658.366053106,166457.61499793,167256.863942754,168056.112887578,168855.361832402,169654.610777226
32,817498.346608836,829430.127583133,841361.908557429,853293.689531725,865225.470506021,877157.251480317,885523.988446232,893890.725412147,902257.462378062,910624.199343977,918990.936309892,925510.190052852,932029.443795812,938548.697538773,945067.951281733,951587.205024693,958108.978191116,964630.751357539,971152.524523962,977674.297690385,984196.070856807
33,0,0,0,0,0,0,0,0,0,0,0,0,0,0,0,0,0,0,0,0,0
34,0,0,0,0,0,0,0,0,0,0,0,0,0,0,0,0,0,0,0,0,0
35,0,0,0,0,0,0,0,0,0,0,0,0,0,0,0,0,0,0,0,0,0
36,0,0,0,0,0,0,0,0,0,0,0,0,0,0,0,0,0,0,0,0,0
37,1345211.98329224,1353754.35722741,1362296.73116259,1370839.10509776,1379381.47903293,1387923.8529681,1394029.55121968,1400135.24947127,1406240.94772285,1412346.64597444,1418452.34422603,1424449.40771361,1430446.4712012,1436443.53468879,1442440.59817638,1448437.66166397,1452863.35991827,1457289.05817256,1461714.75642686,1466140.45468116,1470566.15293546
38,0,0,0,0,0,0,0,0,0,0,0,0,0,0,0,0,0,0,0,0,0
39,1907191.5013083,1927937.21870673,1948682.93610516,1969428.65350359,1990174.37090202,2010920.08830045,2036623.71656832,2062327.3448362,2088030.97310407,2113734.60137195,2139438.22963982,2176957.71609491,2214477.20255,2251996.68900508,2289516.17546017,2327035.66191526,2385771.98897415,2444508.31603303,2503244.64309192,2561980.97015081,2620717.2972097
40,14084021.6977753,14146061.5388538,14208101.3799323,14270141.2210107,14332181.0620892,14394220.9031677,14475899.115986,14557577.3288044,14639255.5416227,14720933.754441,14802611.9672594,14874158.6058036,14945705.2443478,15017251.8828919,15088798.5214361,15160345.1599803,15229264.4810897,15298183.8021992,15367103.1233086,15436022.444418,15504941.7655274
41,7873964.02576805,8045388.96689678,8216813.90802552,8388238.84915425,8559663.79028299,8731088.73141173,8907884.61068242,9084680.48995312,9261476.36922382,9438272.24849452,9615068.12776522,9803363.86098427,9991659.59420332,10179955.3274224,10368251.0606414,10556546.7938605,10743944.4831081,10931342.1723557,11118739.8616033,11306137.5508509,11493535.2400985
42,5073095.93130218,5275556.26345203,5478016.59560188,5680476.92775173,5882937.25990159,6085397.59205144,6312361.90014463,6539326.20823782,6766290.51633101,6993254.82442421,7220219.1325174,7479417.80943233,7738616.48634727,7997815.1632622,8257013.84017713,8516212.51709207,8809493.96790958,9102775.4187271,9396056.86954461,9689338.32036213,9982619.77117964
43,2548804.3634317,2618476.03701942,2688147.71060713,2757819.38419484,2827491.05778256,2897162.73137027,2974559.78029588,3051956.82922149,3129353.8781471,3206750.92707271,3284147.97599832,3367713.1271972,3451278.27839609,3534843.42959497,3618408.58079385,3701973.73199273,3783345.51145773,3864717.29092273,3946089.07038773,4027460.84985273,4108832.62931773
44,2505193.23866554,2578582.85473899,2651972.47081245,2725362.0868859,2798751.70295936,2872141.31903282,2947794.36870915,3023447.41838549,3099100.46806182,3174753.51773816,3250406.56741449,3332216.91578366,3414027.26415282,3495837.61252199,3577647.96089115,3659458.30926031,3770452.39481751,3881446.4803747,3992440.56593189,4103434.65148908,4214428.73704627
45,691698.372214166,719533.40653577,747368.440857374,775203.475178979,803038.509500583,830873.543822188,852720.871747648,874568.199673109,896415.52759857,918262.855524031,940110.183449492,963648.65234522,987187.121240948,1010725.59013668,1034264.0590324,1057802.52792813,1086480.78045803,1115159.03298793,1143837.28551783,1172515.53804772,1201193.79057762
46,727273.227302968,736496.206657919,745719.18601287,754942.16536782,764165.144722771,773388.124077722,781430.472316584,789472.820555447,797515.168794309,805557.517033172,813599.865272034,822018.08520852,830436.305145007,838854.525081494,847272.74501798,855690.964954467,863859.45934888,872027.953743293,880196.448137706,888364.942532119,896533.436926532
47,3805940.3874295,3921750.93594876,4037561.48446802,4153372.03298728,4269182.58150653,4384993.13002579,4516447.63827784,4647902.14652988,4779356.65478193,4910811.16303397,5042265.67128602,5179625.58017844,5316985.48907086,5454345.39796329,5591705.30685571,5729065.21574814,5863541.46371967,5998017.71169119,6132493.95966272,6266970.20763425,6401446.45560578
48,1618737.7971077,1657259.36627089,1695780.93543408,1734302.50459727,1772824.07376046,1811345.64292365,1874515.36961053,1937685.09629742,2000854.82298431,2064024.54967119,2127194.27635808,2347076.99776539,2566959.7191727,2786842.44058002,3006725.16198733,3226607.88339464,3267803.69598759,3308999.50858053,3350195.32117348,3391391.13376643,3432586.94635937
49,493604.677507707,520592.147781973,547579.618056238,574567.088330503,601554.558604769,628542.028879034,660812.019430839,693082.009982644,725352.000534449,757621.991086254,789891.981638059,827107.369626736,864322.757615414,901538.145604092,938753.533592769,975968.921581447,1023652.29891401,1071335.67624658,1119019.05357914,1166702.43091171,1214385.80824427
50,7157376.91704733,7379476.71287514,7601576.50870296,7823676.30453078,8045776.10035859,8267875.89618641,8494059.07338589,8720242.25058537,8946425.42778485,9172608.60498434,9398791.78218382,9620036.93445679,9841282.08672976,10062527.2390027,10283772.3912757,10505017.5435487,10682303.7234612,10859589.9033738,11036876.0832863,11214162.2631989,11391448.4431114
51,2009842.72809534,2080310.06543006,2150777.40276478,2221244.74009949,2291712.07743421,2362179.41476893,2529224.03792052,2696268.66107211,2863313.2842237,3030357.9073753,3197402.53052689,3372373.52756718,3547344.52460747,3722315.52164775,3897286.51868804,4072257.51572833,4161851.84374718,4251446.17176603,4341040.49978488,4430634.82780372,4520229.15582257
52,1083247.2411839,1148098.74673315,1212950.25228239,1277801.75783164,1342653.26338088,1407504.76893013,1535149.41567669,1662794.06242325,1790438.70916982,1918083.35591638,2045728.00266294,2082792.80691597,2119857.61116899,2156922.41542201,2193987.21967503,2231052.02392805,2265631.22015041,2300210.41637276,2334789.61259511,2369368.80881746,2403948.00503982
53,11345816.2178653,11576144.7442911,11806473.2707168,12036801.7971426,12267130.3235683,12497458.8499941,12749475.2326821,13001491.6153701,13253507.9980581,13505524.3807461,13757540.7634341,14040400.8304718,14323260.8975095,14606120.9645472,14888981.0315849,15171841.0986226,15459719.7872658,15747598.4759089,16035477.164552,16323355.8531952,16611234.5418383
54,1758103.34004269,1928823.09562295,2099542.8512032,2270262.60678346,2440982.36236372,2611702.11794398,3070087.65474537,3528473.19154676,3986858.72834815,4445244.26514954,4903629.80195093,5011980.94716381,5120332.09237669,5228683.23758957,5337034.38280245,5445385.52801533,5535517.28809998,5625649.04818464,5715780.80826929,5805912.56835395,5896044.3284386
55,371187.546947342,373143.530823749,375099.514700156,377055.498576562,379011.482452969,380967.466329376,382251.68654483,383535.906760283,384820.126975737,386104.347191191,387388.567406644,386102.996838358,384817.426270072,383531.855701785,382246.285133499,380960.714565213,380018.567823239,379076.421081265,378134.274339291,377192.127597317,376249.980855343
56,530175.258381848,538859.903683282,547544.548984717,556229.194286151,564913.839587586,573598.48488902,577647.101114906,581695.717340792,585744.333566678,589792.949792564,593841.56601845,601317.027687796,608792.489357143,616267.95102649,623743.412695836,631218.874365183,639286.699410713,647354.524456244,655422.349501775,663490.174547305,671557.999592836
57,308874.213403296,310158.61344671,311443.013490123,312727.413533536,314011.813576949,315296.213620363,316050.088787813,316803.963955263,317557.839122714,318311.714290164,319065.589457614,317524.585805445,315983.582153276,314442.578501108,312901.574848939,311360.57119677,310186.941504056,309013.311811343,307839.68211863,306666.052425916,305492.422733203
58,1990372.32253997,2036417.56330158,2082462.80406318,2128508.04482479,2174553.28558639,2220598.526348,2265004.5210261,2309410.5157042,2353816.5103823,2398222.5050604,2442628.49973849,2453859.73994527,2465090.98015205,2476322.22035882,2487553.4605656,2498784.70077237,2515633.59630626,2532482.49184014,2549331.38737403,2566180.28290791,2583029.17844179
59,2913890.34734791,2928699.29296681,2943508.23858571,2958317.1842046,2973126.1298235,2987935.0754424,3006768.23327252,3025601.39110265,3044434.54893278,3063267.7067629,3082100.86459303,3100728.7946785,3119356.72476396,3137984.65484943,3156612.5849349,3175240.51502036,3191707.74005696,3208174.96509356,3224642.19013016,3241109.41516676,3257576.64020336
60,87141.0189674388,88241.6965059875,89342.3740445363,90443.0515830851,91543.7291216339,92644.4066601826,93677.3294965154,94710.2523328482,95743.175169181,96776.0980055138,97809.0208418467,98585.8704263557,99362.7200108647,100139.569595374,100916.419179883,101693.268764392,101880.157090187,102067.045415982,102253.933741778,102440.822067573,102627.710393368
61,7389200.18094616,7474410.60176426,7559621.02258236,7644831.44340045,7730041.86421855,7815252.28503665,7924174.86619092,8033097.44734519,8142020.02849945,8250942.60965372,8359865.19080799,8484741.95721242,8609618.72361685,8734495.49002127,8859372.2564257,8984249.02283013,9107909.46476523,9231569.90670033,9355230.34863543,9478890.79057053,9602551.23250563
62,14731004.4945131,14918791.8213019,15106579.1480906,15294366.4748794,15482153.8016681,15669941.1284568,15895206.961998,16120472.7955392,16345738.6290804,16571004.4626216,16796270.2961627,17088472.1037922,17380673.9114216,17672875.719051,17965077.5266804,18257279.3343099,18538923.2236116,18820567.1129133,19102211.0022151,19383854.8915168,19665498.7808186
63,257424.379608013,280088.354792276,302752.329976538,325416.305160801,348080.280345063,370744.255529326,388223.144265717,405702.033002109,423180.921738501,440659.810474892,458138.699211284,472369.355818682,486600.01242608,500830.669033477,515061.325640875,529291.982248273,543947.42043509,558602.858621908,573258.296808726,587913.734995543,602569.173182361
64,809807.840293115,846420.531741458,883033.223189801,919645.914638144,956258.606086487,992871.297534829,1033034.36334864,1073197.42916245,1113360.49497625,1153523.56079006,1193686.62660387,1240326.67424768,1286966.72189149,1333606.7695353,1380246.81717911,1426886.86482292,1478908.82873182,1530930.79264072,1582952.75654962,1634974.72045852,1686996.68436741
65,1053116.49541966,1091050.84275959,1128985.19009952,1166919.53743945,1204853.88477938,1242788.23211931,1289197.09030797,1335605.94849663,1382014.80668529,1428423.66487395,1474832.52306261,1531188.76624208,1587545.00942156,1643901.25260103,1700257.49578051,1756613.73895998,1822027.44994093,1887441.16092188,1952854.87190283,2018268.58288379,2083682.29386474
66,5911657.0819523,6080472.1458682,6249287.20978409,6418102.27369999,6586917.33761589,6755732.40153179,6958011.40669977,7160290.41186775,7362569.41703573,7564848.42220371,7767127.42737169,8027449.76129473,8287772.09521777,8548094.42914082,8808416.76306386,9068739.0969869,9351287.17916738,9633835.26134785,9916383.34352833,10198931.4257088,10481479.5078893
67,2566013.30009588,2610659.62389185,2655305.94768782,2699952.27148378,2744598.59527975,2789244.91907572,2833885.91998636,2878526.92089701,2923167.92180765,2967808.9227183,3012449.92362894,3013733.36597706,3015016.80832518,3016300.2506733,3017583.69302142,3018867.13536954,3059431.19716291,3099995.25895629,3140559.32074966,3181123.38254304,3221687.44433641
68,509264.055945416,512035.946130211,514807.836315006,517579.726499801,520351.616684596,523123.506869391,527291.848450583,531460.190031775,535628.531612967,539796.87319416,543965.214775352,545991.26164513,548017.308514909,550043.355384687,552069.402254465,554095.449124243,555570.587850921,557045.7265776,558520.865304278,559996.004030956,561471.142757634
69,1662572.27613102,1641323.97519461,1620075.6742582,1598827.37332179,1577579.07238538,1556330.77144896,1536161.62153921,1515992.47162946,1495823.32171971,1475654.17180995,1455485.0219002,1437805.63181649,1420126.24173278,1402446.85164906,1384767.46156535,1367088.07148164,1358992.47037574,1350896.86926984,1342801.26816394,1334705.66705805,1326610.06595215
70,1202133.3483756,1192989.59412288,1183845.83987016,1174702.08561744,1165558.33136473,1156414.57711201,1153740.53364579,1151066.49017958,1148392.44671337,1145718.40324716,1143044.35978094,1142513.84044908,1141983.32111722,1141452.80178536,1140922.2824535,1140391.76312164,1141374.81810182,1142357.87308199,1143340.92806216,1144323.98304234,1145307.03802251
71,1057693.60475827,1056097.68089162,1054501.75702497,1052905.83315832,1051309.90929168,1049713.98542503,1048594.1537019,1047474.32197878,1046354.49025565,1045234.65853253,1044114.8268094,1042833.96824435,1041553.1096793,1040272.25111425,1038991.3925492,1037710.53398415,1035454.73376255,1033198.93354096,1030943.13331936,1028687.33309776,1026431.53287617
72,998819.637424807,992196.587171333,985573.536917859,978950.486664385,972327.436410911,965704.386157437,954207.077771224,942709.769385011,931212.460998798,919715.152612585,908217.844226372,888424.188545701,868630.532865029,848836.877184358,829043.221503687,809249.565823015,741488.395428906,673727.225034797,605966.054640688,538204.884246579,470443.71385247
73,1694131.50223145,1689661.15667776,1685190.81112407,1680720.46557039,1676250.1200167,1671779.77446301,1672414.85390227,1673049.93334152,1673685.01278078,1674320.09222003,1674955.17165929,1677140.95692169,1679326.74218409,1681512.52744648,1683698.31270888,1685884.09797128,1685835.48881215,1685786.87965302,1685738.27049389,1685689.66133476,1685641.05217562
74,1135015.4116266,1125754.32659224,1116493.24155788,1107232.15652352,1097971.07148916,1088709.98645481,1081206.28029116,1073702.57412751,1066198.86796387,1058695.16180022,1051191.45563657,1042110.13899976,1033028.82236295,1023947.50572614,1014866.18908933,1005784.87245252,1007907.8879045,1010030.90335648,1012153.91880846,1014276.93426044,1016399.94971242
75,7489429.17039706,7445793.41226962,7402157.65414219,7358521.89601476,7314886.13788733,7271250.3797599,7251560.51848925,7231870.65721859,7212180.79594794,7192490.93467729,7172801.07340664,7162829.00602267,7152856.9386387,7142884.87125473,7132912.80387076,7122940.73648679,7102454.92378485,7081969.11108291,7061483.29838097,7040997.48567902,7020511.67297708
76,32099917.5429835,32696236.8643664,33292556.1857493,33888875.5071321,34485194.828515,35081514.1498979,35658565.0774283,36235616.0049588,36812666.9324892,37389717.8600197,37966768.7875501,38741721.3766229,39516673.9656958,40291626.5547686,41066579.1438415,41841531.7329143,42315696.2218387,42789860.7107632,43264025.1996876,43738189.688612,44212354.1775364
77,2089551.92147131,2122852.47963376,2156153.03779621,2189453.59595866,2222754.15412112,2256054.71228357,2306462.87109707,2356871.02991057,2407279.18872407,2457687.34753757,2508095.50635106,2443159.36733853,2378223.228326,2313287.08931347,2248350.95030093,2183414.8112884,2228363.28680713,2273311.76232586,2318260.23784459,2363208.71336332,2408157.18888205
78,3824943.71553404,4008827.52365683,4192711.33177963,4376595.13990242,4560478.94802522,4744362.75614802,4835158.81126692,4925954.86638582,5016750.92150472,5107546.97662363,5198343.03174253,5570920.87637597,5943498.72100942,6316076.56564286,6688654.4102763,7061232.25490974,7082148.00578778,7103063.75666581,7123979.50754385,7144895.25842188,7165811.00929991
79,6416073.43218355,6548494.70297678,6680915.97377001,6813337.24456325,6945758.51535648,7078179.78614971,7261204.95327672,7444230.12040372,7627255.28753073,7810280.45465773,7993305.62178474,8157407.44890014,8321509.27601554,8485611.10313094,8649712.93024634,8813814.75736174,8987186.49377641,9160558.23019107,9333929.96660574,9507301.7030204,9680673.43943506
80,11371869.0781627,11396507.5333321,11421145.9885015,11445784.4436709,11470422.8988403,11495061.3540097,11518141.7020728,11541222.0501359,11564302.398199,11587382.7462621,11610463.0943251,11564953.0801237,11519443.0659222,11473933.0517207,11428423.0375193,11382913.0233178,11356801.2558325,11330689.4883473,11304577.720862,11278465.9533767,11252354.1858914
81,1046098.42556491,1065725.10100588,1085351.77644686,1104978.45188783,1124605.1273288,1144231.80276978,1159779.52086521,1175327.23896065,1190874.95705609,1206422.67515153,1221970.39324696,1235378.74440292,1248787.09555887,1262195.44671482,1275603.79787078,1289012.14902673,1300466.78104265,1311921.41305856,1323376.04507447,1334830.67709039,1346285.3091063
82,2278123.15943069,2288626.5261859,2299129.89294112,2309633.25969633,2320136.62645155,2330639.99320676,2319593.88223003,2308547.7712533,2297501.66027656,2286455.54929983,2275409.4383231,2291342.65489024,2307275.87145738,2323209.08802451,2339142.30459165,2355075.52115879,2378723.25222207,2402370.98328534,2426018.71434862,2449666.44541189,2473314.17647517
84,15564832.6303372,15725205.3235013,15885578.0166654,16045950.7098295,16206323.4029936,16366696.0961577,16598748.1108454,16830800.1255331,17062852.1402208,17294904.1549085,17526956.1695962,17849925.4384548,18172894.7073134,18495863.976172,18818833.2450306,19141802.5138892,19448142.1461473,19754481.7784054,20060821.4106634,20367161.0429215,20673500.6751796
85,818.829299897558,804.747511910002,790.665723922447,776.583935934891,762.502147947335,748.420359959779,758.27479008271,768.129220205641,777.983650328571,787.838080451502,797.692510574433,803.049492227629,808.406473880825,813.763455534021,819.120437187218,824.477418840414,842.938588450886,861.399758061359,879.860927671831,898.322097282304,916.783266892777
86,6653.72561415707,6413.13309038111,6172.54056660514,5931.94804282918,5691.35551905322,5450.76299527725,5401.68731378733,5352.6116322974,5303.53595080747,5254.46026931755,5205.38458782762,5128.60083277933,5051.81707773103,4975.03332268274,4898.24956763445,4821.46581258615,4817.96562684145,4814.46544109676,4810.96525535206,4807.46506960736,4803.96488386266
88,296.223548926537,291.823969257648,287.42438958876,283.024809919871,278.625230250983,274.225650582094,278.578909935752,282.932169289409,287.285428643067,291.638687996725,295.991947350382,298.97712396504,301.962300579698,304.947477194356,307.932653809014,310.917830423672,318.738279105381,326.55872778709,334.379176468798,342.199625150507,350.020073832216
89,0,0,0,0,0,0,0,0,0,0,0,0,0,0,0,0,0,0,0,0,0
90,0,0,0,0,0,0,0,0,0,0,0,0,0,0,0,0,0,0,0,0,0
91,0,0,0,0,0,0,0,0,0,0,0,0,0,0,0,0,0,0,0,0,0
92,0,0,0,0,0,0,0,0,0,0,0,0,0,0,0,0,0,0,0,0,0
93,0,0,0,0,0,0,0,0,0,0,0,0,0,0,0,0,0,0,0,0,0
94,0,0,0,0,0,0,0,0,0,0,0,0,0,0,0,0,0,0,0,0,0
95,4533.12457790653,4560.98687128167,4588.84916465682,4616.71145803197,4644.57375140711,4672.43604478226,4652.38228809764,4632.32853141301,4612.27477472839,4592.22101804377,4572.16726135914,4593.46335563083,4614.75944990251,4636.05554417419,4657.35163844587,4678.64773271755,4693.09111994953,4707.53450718151,4721.97789441349,4736.42128164547,4750.86466887745
96,1933224.02109242,2038635.65928795,2144047.29748349,2249458.93567903,2354870.57387457,2460282.21207011,2538924.11922599,2617566.02638188,2696207.93353776,2774849.84069365,2853491.74784954,2931633.10946003,3009774.47107052,3087915.83268101,3166057.19429151,3244198.555902,3327498.01240875,3410797.46891551,3494096.92542226,3577396.38192901,3660695.83843577
97,1585519.76006245,1637616.08584769,1689712.41163294,1741808.73741818,1793905.06320342,1846001.38898866,1936972.30041402,2027943.21183938,2118914.12326474,2209885.0346901,2300855.94611546,2379821.43422117,2458786.92232689,2537752.41043261,2616717.89853832,2695683.38664404,2783977.30236076,2872271.21807749,2960565.13379422,3048859.04951095,3137152.96522767
98,1765816.4694437,1820011.46489449,1874206.46034528,1928401.45579607,1982596.45124686,2036791.44669765,2106146.72792949,2175502.00916133,2244857.29039317,2314212.57162501,2383567.85285685,2472061.83985992,2560555.826863,2649049.81386607,2737543.80086915,2826037.78787222,2937370.35857519,3048702.92927816,3160035.49998113,3271368.07068409,3382700.64138706
99,2680739.07430948,2763462.70321097,2846186.33211245,2928909.96101394,3011633.58991543,3094357.21881691,3186263.43175107,3278169.64468522,3370075.85761938,3461982.07055354,3553888.28348769,3653271.26652366,3752654.24955963,3852037.23259559,3951420.21563156,4050803.19866753,4164968.98750502,4279134.77634251,4393300.56518001,4507466.3540175,4621632.14285499
100,779095.644154019,794474.701200679,809853.75824734,825232.815294001,840611.872340661,855990.929387322,858620.443100767,861249.956814212,863879.470527657,866508.984241102,869138.497954547,853361.877122641,837585.256290735,821808.635458829,806032.014626922,790255.393795016,762257.87241349,734260.351031964,706262.829650438,678265.308268912,650267.786887386
101,112080.483003906,116228.519100482,120376.555197059,124524.591293635,128672.627390212,132820.663486789,138222.393720259,143624.12395373,149025.8541872,154427.584420671,159829.314654141,167739.681534114,175650.048414087,183560.415294061,191470.782174034,199381.149054007,208831.191487417,218281.233920828,227731.276354238,237181.318787648,246631.361221059
102,12267715.8606506,12467205.2094777,12666694.5583049,12866183.907132,13065673.2559592,13265162.6047863,13452215.5133601,13639268.421934,13826321.3305078,14013374.2390816,14200427.1476554,14362369.5945158,14524312.0413762,14686254.4882366,14848196.9350969,15010139.3819573,15130093.3764606,15250047.3709639,15370001.3654672,15489955.3599705,15609909.3544738
103,228563.052746285,234103.270024706,239643.487303128,245183.70458155,250723.921859972,256264.139138394,262434.893986369,268605.648834344,274776.403682318,280947.158530293,287117.913378268,293917.901262412,300717.889146557,307517.877030701,314317.864914845,321117.852798989,328384.419036008,335650.985273026,342917.551510044,350184.117747062,357450.68398408
104,324543.68192828,341048.166204242,357552.650480203,374057.134756164,390561.619032126,407066.103308087,426026.163066275,444986.222824464,463946.282582652,482906.34234084,501866.402099028,524160.486754853,546454.571410678,568748.656066503,591042.740722328,613336.825378153,638487.302638314,663637.779898475,688788.257158636,713938.734418797,739089.211678958
105,0,0,0,0,0,0,0,0,0,0,0,0,0,0,0,0,0,0,0,0,0
106,6183203.34874215,6384907.55617583,6586611.76360951,6788315.97104318,6990020.17847686,7191724.38591054,7421765.09382441,7651805.80173827,7881846.50965214,8111887.21756601,8341927.92547988,8585893.81027746,8829859.69507505,9073825.57987264,9317791.46467023,9561757.34946781,9808341.78694444,10054926.2244211,10301510.6618977,10548095.0993743,10794679.5368509
107,0,0,0,0,0,0,0,0,0,0,0,0,0,0,0,0,0,0,0,0,0
108,171820.030714213,172369.649849872,172919.268985532,173468.888121191,174018.50725685,174568.126392509,173909.058866476,173249.991340442,172590.923814408,171931.856288374,171272.78876234,170200.250149384,169127.711536427,168055.17292347,166982.634310514,165910.095697557,165157.634204201,164405.172710845,163652.711217489,162900.249724133,162147.788230776
110,554009.448058596,565955.221911726,577900.995764856,589846.769617985,601792.543471115,613738.317324244,625914.148322575,638089.979320907,650265.810319238,662441.641317569,674617.4723159,685338.038095655,696058.60387541,706779.169655164,717499.735434919,728220.301214674,737080.569022434,745940.836830193,754801.104637953,763661.372445713,772521.640253472
111,36294.1794483706,38924.5263820725,41554.8733157745,44185.2202494764,46815.5671831783,49445.9141168803,50806.8817660401,52167.8494151999,53528.8170643598,54889.7847135196,56250.7523626795,57094.088722038,57937.4250813965,58780.761440755,59624.0978001136,60467.4341594721,61009.0904234526,61550.746687433,62092.4029514135,62634.059215394,63175.7154793745
112,11051445.6188414,11078408.7223977,11105371.8259541,11132334.9295105,11159298.0330668,11186261.1366232,11194162.2720694,11202063.4075156,11209964.5429619,11217865.6784081,11225766.8138543,11240765.7270261,11255764.6401978,11270763.5533696,11285762.4665414,11300761.3797131,11295146.5975044,11289531.8152956,11283917.0330868,11278302.250878,11272687.4686692
113,76707.1055336435,79326.0274431234,81944.9493526032,84563.8712620831,87182.7931715629,89801.7150810428,92424.1383971836,95046.5617133245,97668.9850294654,100291.408345606,102913.831661747,104656.411723414,106398.991785081,108141.571846748,109884.151908415,111626.731970082,113188.110828811,114749.489687541,116310.86854627,117872.247405,119433.626263729
114,8759038.76748585,8909568.00866008,9060097.2498343,9210626.49100853,9361155.73218275,9511684.97335698,9670045.73349295,9828406.49362893,9986767.25376491,10145128.0139009,10303488.7740369,10460417.2218461,10617345.6696552,10774274.1174644,10931202.5652736,11088131.0130828,11241022.0849079,11393913.156733,11546804.228558,11699695.3003831,11852586.3722082
115,7669644.05802992,7809551.86649881,7949459.67496771,8089367.4834366,8229275.2919055,8369183.10037439,8509124.17952378,8649065.25867317,8789006.33782256,8928947.41697195,9068888.49612134,9205677.78024342,9342467.06436551,9479256.34848759,9616045.63260968,9752834.91673176,9881979.46410006,10011124.0114684,10140268.5588367,10269413.106205,10398557.6535733
116,4246404.25003398,4238502.18509839,4230600.12016281,4222698.05522723,4214795.99029165,4206893.92535606,4195452.15336251,4184010.38136895,4172568.60937539,4161126.83738183,4149685.06538827,4144015.70852533,4138346.3516624,4132676.99479947,4127007.63793653,4121338.2810736,4119791.69623444,4118245.11139527,4116698.52655611,4115151.94171694,4113605.35687778
117,49351.2249824098,50521.4651282499,51691.70527409,52861.9454199302,54032.1855657703,55202.4257116104,57088.1769715239,58973.9282314374,60859.679491351,62745.4307512645,64631.182011178,65962.4411397692,67293.7002683605,68624.9593969517,69956.218525543,71287.4776541343,72440.0735880504,73592.6695219665,74745.2654558826,75897.8613897987,77050.4573237148
118,22203.7797788823,22831.9275156347,23460.0752523871,24088.2229891395,24716.3707258919,25344.5184626442,25798.1807626504,26251.8430626566,26705.5053626628,27159.167662669,27612.8299626752,27952.1741664958,28291.5183703165,28630.8625741372,28970.2067779579,29309.5509817786,29571.0786425345,29832.6063032905,30094.1339640465,30355.6616248024,30617.1892855584
119,69932.0110645609,70983.5486192111,72035.0861738613,73086.6237285114,74138.1612831616,75189.6988378118,76117.3628077648,77045.0267777178,77972.6907476709,78900.3547176239,79828.0186875769,80751.741970979,81675.4652543811,82599.1885377832,83522.9118211853,84446.6351045874,85267.8921310527,86089.149157518,86910.4061839833,87731.6632104486,88552.9202369139
120,104775.262827984,106302.835646389,107830.408464794,109357.981283198,110885.554101603,112413.126920008,113891.121032416,115369.115144825,116847.109257233,118325.103369642,119803.09748205,121272.34330162,122741.58912119,124210.83494076,125680.08076033,127149.3265799,128630.879193925,130112.431807949,131593.984421973,133075.537035998,134557.089650022
121,6776.98181149687,6728.59034526767,6680.19887903848,6631.80741280928,6583.41594658008,6535.02448035089,6582.59943961662,6630.17439888235,6677.74935814809,6725.32431741382,6772.89927667955,6819.8643462877,6866.82941589585,6913.794485504,6960.75955511214,7007.72462472029,7041.37717186557,7075.02971901084,7108.68226615612,7142.3348133014,7175.98736044667
122,188101.347903739,190184.925480152,192268.503056565,194352.080632977,196435.65820939,198519.235785803,201463.238919869,204407.242053936,207351.245188002,210295.248322069,213239.251456135,215141.174580455,217043.097704775,218945.020829095,220846.943953414,222748.867077734,224461.01797977,226173.168881806,227885.319783842,229597.470685878,231309.621587914
123,81841.5697621914,82046.5855390127,82251.6013158341,82456.6170926554,82661.6328694767,82866.648646298,83016.086375541,83165.5241047839,83314.9618340269,83464.3995632699,83613.8372925128,83972.1612275595,84330.4851626062,84688.8090976529,85047.1330326997,85405.4569677464,85794.5530047356,86183.6490417248,86572.745078714,86961.8411157032,87350.9371526924
124,328197.693202892,329220.015397318,330242.337591744,331264.65978617,332286.981980596,333309.304175022,334672.018817738,336034.733460453,337397.448103169,338760.162745885,340122.877388601,341271.309646333,342419.741904066,343568.174161799,344716.606419532,345865.038677265,346723.149461361,347581.260245457,348439.371029554,349297.48181365,350155.592597747
125,145970.829285601,146250.272415029,146529.715544458,146809.158673886,147088.601803314,147368.044932742,147762.573076212,148157.101219682,148551.629363151,148946.157506621,149340.685650091,149856.502116288,150372.318582486,150888.135048683,151403.951514881,151919.767981078,152553.632745379,153187.497509679,153821.36227398,154455.22703828,155089.091802581
126,1503459.45553711,1508287.60153783,1513115.74753854,1517943.89353926,1522772.03953997,1527600.18554069,1533015.90735443,1538431.62916818,1543847.35098192,1549263.07279567,1554678.79460941,1560347.71678582,1566016.63896223,1571685.56113864,1577354.48331506,1583023.40549147,1585425.19111992,1587826.97674838,1590228.76237683,1592630.54800529,1595032.33363375
127,164728.493530726,165341.594584542,165954.695638358,166567.796692174,167180.89774599,167793.998799806,168343.846642473,168893.69448514,169443.542327807,169993.390170473,170543.23801314,170986.041223181,171428.844433223,171871.647643264,172314.450853305,172757.254063346,173583.685893422,174410.117723499,175236.549553575,176062.981383651,176889.413213727
129,3312418.74099802,3376814.70840401,3441210.67581,3505606.64321599,3570002.61062198,3634398.57802797,3701238.84493946,3768079.11185095,3834919.37876244,3901759.64567393,3968599.91258542,4037172.27020685,4105744.62782828,4174316.98544971,4242889.34307114,4311461.70069257,4378634.69687622,4445807.69305988,4512980.68924354,4580153.6854272,4647326.68161086
130,1405126.78816277,1431379.32485997,1457631.86155717,1483884.39825437,1510136.93495156,1536389.47164876,1561243.83395106,1586098.19625336,1610952.55855565,1635806.92085795,1660661.28316024,1683360.22130282,1706059.1594454,1728758.09758797,1751457.03573055,1774155.97387313,1795260.31340391,1816364.6529347,1837468.99246548,1858573.33199627,1879677.67152706
131,1781591.44112812,1799704.61293471,1817817.78474131,1835930.9565479,1854044.1283545,1872157.30016109,1889672.07010444,1907186.8400478,1924701.60999115,1942216.3799345,1959731.14987785,1975478.58278867,1991226.01569948,2006973.44861029,2022720.88152111,2038468.31443192,2053255.07083733,2068041.82724274,2082828.58364814,2097615.34005355,2112402.09645896
132,6863749.71719395,6986014.41561516,7108279.11403637,7230543.81245758,7352808.51087879,7475073.2093,7592730.60137114,7710387.99344228,7828045.38551342,7945702.77758456,8063360.1696557,8170118.63142567,8276877.09319564,8383635.55496561,8490394.01673557,8597152.47850554,8685916.28608322,8774680.09366089,8863443.90123857,8952207.70881624,9040971.51639391
133,2405272.64157831,2462455.07191037,2519637.50224244,2576819.9325745,2634002.36290657,2691184.79323864,2749790.91528364,2808397.03732864,2867003.15937364,2925609.28141864,2984215.40346365,3041262.51335029,3098309.62323693,3155356.73312357,3212403.84301021,3269450.95289685,3329550.28530817,3389649.61771948,3449748.9501308,3509848.28254211,3569947.61495343
134,4436261.09108071,4455679.01621226,4475096.9413438,4494514.86647534,4513932.79160688,4533350.71673843,4546457.61713986,4559564.51754129,4572671.41794273,4585778.31834416,4598885.21874559,4611539.18598237,4624193.15321916,4636847.12045594,4649501.08769272,4662155.0549295,4676000.73055735,4689846.40618521,4703692.08181306,4717537.75744092,4731383.43306877
135,19455588.9109164,19775296.4951384,20095004.0793603,20414711.6635822,20734419.2478041,21054126.8320261,21441806.2140888,21829485.5961516,22217164.9782143,22604844.3602771,22992523.7423398,23334277.9223102,23676032.1022805,24017786.2822509,24359540.4622212,24701294.6421916,24887728.8290154,25074163.0158393,25260597.2026631,25447031.3894869,25633465.5763108
136,1403114.7446566,1436374.07630639,1469633.40795617,1502892.73960596,1536152.07125575,1569411.40290553,1602810.25351983,1636209.10413413,1669607.95474842,1703006.80536272,1736405.65597701,1769802.67265161,1803199.68932621,1836596.7060008,1869993.7226754,1903390.73935,1936453.22264408,1969515.70593817,2002578.18923225,2035640.67252634,2068703.15582042
137,5946282.03352031,6047704.49913139,6149126.96474246,6250549.43035354,6351971.89596462,6453394.3615757,6562241.34128037,6671088.32098505,6779935.30068973,6888782.2803944,6997629.26009908,7105878.06016229,7214126.86022551,7322375.66028873,7430624.46035195,7538873.26041517,7643778.85077335,7748684.44113154,7853590.03148973,7958495.62184792,8063401.2122061
138,13365997.3326679,13585509.3326242,13805021.3325805,14024533.3325367,14244045.332493,14463557.3324493,14694606.8688262,14925656.4052031,15156705.94158,15387755.4779569,15618805.0143338,15879866.861837,16140928.7093403,16401990.5568435,16663052.4043467,16924114.2518499,17182388.3556144,17440662.4593789,17698936.5631434,17957210.6669078,18215484.7706723
139,13292140.7910943,13433851.245605,13575561.7001158,13717272.1546266,13858982.6091373,14000693.0636481,14301967.4264535,14603241.7892588,14904516.1520642,15205790.5148696,15507064.8776749,16047338.2733806,16587611.6690863,17127885.064792,17668158.4604978,18208431.8562035,19164650.2045605,20120868.5529176,21077086.9012746,22033305.2496317,22989523.5979887
140,954231.779287653,960654.402412555,967077.025537456,973499.648662357,979922.271787258,986344.89491216,986660.915361478,986976.935810796,987292.956260114,987608.976709433,987924.997158751,990419.823696001,992914.650233252,995409.476770502,997904.303307752,1000399.129845,1001444.09480897,1002489.05977293,1003534.02473689,1004578.98970086,1005623.95466482
141,65863.3520870187,66324.8337028686,66786.3153187184,67247.7969345683,67709.2785504181,68170.7601662679,68168.4469824201,68166.1337985722,68163.8206147244,68161.5074308766,68159.1942470287,67982.6232368421,67806.0522266556,67629.481216469,67452.9102062825,67276.3391960959,67349.6063570025,67422.8735179091,67496.1406788157,67569.4078397224,67642.675000629
143,322350.910879868,325701.843917851,329052.776955834,332403.709993817,335754.6430318,339105.576069783,343754.287682909,348402.999296035,353051.710909162,357700.422522288,362349.134135415,364723.348532929,367097.562930443,369471.777327958,371845.991725472,374220.206122986,376889.133136395,379558.060149803,382226.987163211,384895.91417662,387564.841190028
144,33.0244877703872,33.6722240839332,34.3199603974792,34.9676967110251,35.6154330245711,36.263169338117,37.1722662987754,38.0813632594337,38.9904602200921,39.8995571807504,40.8086541414088,41.883769115516,42.9588840896232,44.0339990637304,45.1091140378376,46.1842290119448,47.2732560098312,48.3622830077176,49.451310005604,50.5403370034904,51.6293640013768
145,90929.0587319957,91009.6624915501,91090.2662511044,91170.8700106588,91251.4737702132,91332.0775297676,91045.8176114469,90759.5576931261,90473.2977748054,90187.0378564847,89900.777938164,89645.3163404544,89389.8547427449,89134.3931450353,88878.9315473257,88623.4699496161,88580.5448675249,88537.6197854336,88494.6947033424,88451.7696212512,88408.8445391599
146,219.265727866537,226.144652487768,233.023577109,239.902501730231,246.781426351462,253.660350972694,261.39914163568,269.137932298667,276.876722961653,284.61551362464,292.354304287626,300.952960165577,309.551616043529,318.15027192148,326.748927799432,335.347583677383,345.665971335481,355.98435899358,366.302746651678,376.621134309776,386.939521967874
147,394381.755274148,400560.581554253,406739.407834358,412918.234114463,419097.060394569,425275.886674674,430445.455093935,435615.023513196,440784.591932458,445954.160351719,451123.72877098,457395.714762185,463667.70075339,469939.686744595,476211.672735799,482483.658727004,489123.515870832,495763.37301466,502403.230158487,509043.087302315,515682.944446143
148,35349.3420840195,35947.3171934633,36545.2923029071,37143.2674123508,37741.2425217946,38339.2176312384,39215.1545161445,40091.0914010507,40967.0282859568,41842.965170863,42718.9020557692,43656.4301160885,44593.9581764079,45531.4862367272,46469.0142970466,47406.542357366,48511.6809677057,49616.8195780454,50721.9581883851,51827.0967987247,52932.2354090644
149,0,0,0,0,0,0,0,0,0,0,0,0,0,0,0,0,0,0,0,0,0
150,0,0,0,0,0,0,0,0,0,0,0,0,0,0,0,0,0,0,0,0,0
151,84360.2945155937,84771.2725350667,85182.2505545398,85593.2285740129,86004.206593486,86415.184612959,85336.773245216,84258.3618774729,83179.9505097299,82101.5391419869,81023.1277742438,80928.4686784662,80833.8095826887,80739.1504869111,80644.4913911335,80549.8322953559,80568.573746322,80587.315197288,80606.0566482541,80624.7980992201,80643.5395501862
152,204576.005253879,205797.406182341,207018.807110803,208240.208039265,209461.608967727,210683.009896189,212085.704449767,213488.399003346,214891.093556925,216293.788110503,217696.482664082,219352.206475413,221007.930286744,222663.654098075,224319.377909406,225975.101720737,227328.774300044,228682.446879352,230036.119458659,231389.792037966,232743.464617274
153,40254.7766329363,40528.9638859582,40803.1511389802,41077.3383920022,41351.5256450241,41625.7128980461,41660.7221649865,41695.731431927,41730.7406988674,41765.7499658079,41800.7592327483,41757.0221619639,41713.2850911794,41669.548020395,41625.8109496106,41582.0738788261,41618.7269358761,41655.3799929261,41692.0330499761,41728.6861070261,41765.339164076
154,2407.61832348436,2355.87985554946,2304.14138761457,2252.40291967968,2200.66445174479,2148.9259838099,2135.06324704355,2121.2005102772,2107.33777351085,2093.4750367445,2079.61229997815,2079.88621360653,2080.16012723491,2080.43404086328,2080.70795449166,2080.98186812004,2086.95430238696,2092.92673665389,2098.89917092081,2104.87160518774,2110.84403945466
155,183965.819671625,184529.968472883,185094.11727414,185658.266075398,186222.414876656,186786.563677914,187419.328649871,188052.093621829,188684.858593786,189317.623565744,189950.388537701,190291.135190267,190631.881842832,190972.628495398,191313.375147963,191654.121800529,192869.195986023,194084.270171518,195299.344357012,196514.418542506,197729.492728001
156,15241.3207504046,14569.4410901203,13897.5614298361,13225.6817695518,12553.8021092675,11881.9224489833,11734.5351616895,11587.1478743958,11439.7605871021,11292.3732998083,11144.9860125146,11371.0374995026,11597.0889864906,11823.1404734786,12049.1919604666,12275.2434474546,12485.3772449148,12695.5110423751,12905.6448398353,13115.7786372956,13325.9124347558
157,86.3221226887862,82.2238001549413,78.1254776210964,74.0271550872515,69.9288325534066,65.8305100195617,62.6019986219688,59.3734872243759,56.144975826783,52.9164644291901,49.6879530315972,46.8577516221663,44.0275502127354,41.1973488033046,38.3671473938737,35.5369459844428,33.668902530647,31.8008590768512,29.9328156230555,28.0647721692597,26.1967287154639
158,0,0,0,0,0,0,0,0,0,0,0,0,0,0,0,0,0,0,0,0,0
159,0,0,0,0,0,0,0,0,0,0,0,0,0,0,0,0,0,0,0,0,0
161,27248.2328052798,27158.9536724851,27069.6745396904,26980.3954068956,26891.1162741009,26801.8371413062,26550.3581985792,26298.8792558522,26047.4003131252,25795.9213703982,25544.4424276712,25393.0801083389,25241.7177890067,25090.3554696744,24938.9931503422,24787.6308310099,24769.0751330481,24750.5194350863,24731.9637371245,24713.4080391628,24694.852341201
162,4256999.95763175,4319875.92654276,4382751.89545378,4445627.86436479,4508503.8332758,4571379.80218681,4625022.03284213,4678664.26349745,4732306.49415277,4785948.72480809,4839590.9554634,4876538.2720355,4913485.58860759,4950432.90517969,4987380.22175178,5024327.53832387,5070482.08563963,5116636.63295539,5162791.18027115,5208945.72758691,5255100.27490267
163,98180394.9734658,98937159.6921142,99693924.4107625,100450689.129411,101207453.848059,101964218.566707,102711616.610434,103459014.65416,104206412.697886,104953810.741613,105701208.785339,106273763.830687,106846318.876036,107418873.921384,107991428.966732,108563984.01208,109075116.631092,109586249.250103,110097381.869114,110608514.488126,111119647.107137
164,204694.319229204,210719.538101933,216744.756974662,222769.975847392,228795.194720121,234820.413592851,241241.771362614,247663.129132377,254084.48690214,260505.844671904,266927.202441667,273234.954107646,279542.705773625,285850.457439605,292158.209105584,298465.960771563,304904.870259869,311343.779748175,317782.689236481,324221.598724787,330660.508213093
166,2852875.63559729,2869014.83731622,2885154.03903514,2901293.24075407,2917432.442473,2933571.64419193,2946547.43831285,2959523.23243378,2972499.02655471,2985474.82067564,2998450.61479657,3008965.27544966,3019479.93610275,3029994.59675585,3040509.25740894,3051023.91806203,3060392.04444405,3069760.17082607,3079128.29720808,3088496.4235901,3097864.54997212
167,766486.379088302,766323.428652577,766160.478216852,765997.527781127,765834.577345402,765671.626909676,767645.156075259,769618.685240841,771592.214406424,773565.743572006,775539.272737588,778039.138533857,780539.004330126,783038.870126394,785538.735922663,788038.601718931,791695.785249465,795352.968779998,799010.152310531,802667.335841064,806324.519371598
168,443359.234413958,445385.702103591,447412.169793224,449438.637482857,451465.10517249,453491.572862123,458221.18534777,462950.797833416,467680.410319063,472410.022804709,477139.635290356,481602.65450069,486065.673711023,490528.692921357,494991.712131691,499454.731342025,503370.252939283,507285.774536541,511201.296133799,515116.817731057,519032.339328316
169,161586.553541174,167289.576597573,172992.599653972,178695.622710371,184398.64576677,190101.668823169,193046.141793405,195990.614763641,198935.087733877,201879.560704113,204824.033674349,207732.547318298,210641.060962247,213549.574606196,216458.088250145,219366.601894093,221556.820148242,223747.03840239,225937.256656539,228127.474910687,230317.693164836
171,63076704.8595699,64076067.3242755,65075429.7889811,66074792.2536867,67074154.7183923,68073517.183098,68891868.7056802,69710220.2282623,70528571.7508446,71346923.2734267,72165274.7960089,72919539.258328,73673803.7206471,74428068.1829662,75182332.6452853,75936597.1076044,76611879.1064493,77287161.1052942,77962443.104139,78637725.1029839,79313007.1018287
172,15191563.0706906,15383568.3750295,15575573.6793684,15767578.9837073,15959584.2880462,16151589.5923851,16348359.2635348,16545128.9346846,16741898.6058343,16938668.276984,17135437.9481337,17348286.5277833,17561135.107433,17773983.6870826,17986832.2667322,18199680.8463819,18411714.6338009,18623748.42122,18835782.208639,19047815.9960581,19259849.7834771
173,2631285.89156141,2636947.87680422,2642609.86204702,2648271.84728982,2653933.83253262,2659595.81777542,2671681.4682149,2683767.11865438,2695852.76909386,2707938.41953334,2720024.06997282,2733185.12957813,2746346.18918345,2759507.24878876,2772668.30839407,2785829.36799939,2799901.27805802,2813973.18811666,2828045.09817529,2842117.00823393,2856188.91829256
174,3143970.79443878,3162858.05067391,3181745.30690904,3200632.56314417,3219519.8193793,3238407.07561443,3263692.41656107,3288977.7575077,3314263.09845434,3339548.43940097,3364833.7803476,3392079.08640532,3419324.39246303,3446569.69852075,3473815.00457846,3501060.31063618,3521469.91158849,3541879.5125408,3562289.11349311,3582698.71444542,3603108.31539773
175,5851926.94022291,5866723.54870632,5881520.15718972,5896316.76567313,5911113.37415654,5925909.98263995,5952319.59657465,5978729.21050935,6005138.82444405,6031548.43837875,6057958.05231345,6080819.8381626,6103681.62401176,6126543.40986092,6149405.19571007,6172266.98155923,6192299.62758418,6212332.27360914,6232364.91963409,6252397.56565905,6272430.211684
176,8846494.58572687,8843120.08471168,8839745.58369648,8836371.08268129,8832996.58166609,8829622.0806509,8821684.06287381,8813746.04509673,8805808.02731964,8797870.00954256,8789931.99176547,8804315.78142695,8818699.57108842,8833083.36074989,8847467.15041137,8861850.94007284,8863323.60098108,8864796.2618893,8866268.92279753,8867741.58370577,8869214.244614
177,11686152.7221924,11760651.3848001,11835150.0474077,11909648.7100153,11984147.3726229,12058646.0352305,12114095.7284943,12169545.4217582,12224995.115022,12280444.8082858,12335894.5015496,12391473.0416757,12447051.5818017,12502630.1219278,12558208.6620539,12613787.2021799,12665575.6475392,12717364.0928985,12769152.5382578,12820940.9836171,12872729.4289763
178,3244185.8113202,3249693.6169039,3255201.4224876,3260709.2280713,3266217.033655,3271724.8392387,3279390.83110073,3287056.82296276,3294722.81482479,3302388.80668682,3310054.79854884,3316069.07799299,3322083.35743714,3328097.63688129,3334111.91632544,3340126.19576959,3341009.56969894,3341892.94362829,3342776.31755764,3343659.69148698,3344543.06541633
179,16090082.1573367,16216097.7930834,16342113.4288301,16468129.0645767,16594144.7003234,16720160.3360701,16841533.263471,16962906.1908719,17084279.1182728,17205652.0456738,17327024.9730747,17435011.7434346,17542998.5137946,17650985.2841545,17758972.0545145,17866958.8248745,17970893.185708,18074827.5465416,18178761.9073752,18282696.2682087,18386630.6290423
180,41737199.4892247,41915417.0549459,42093634.6206672,42271852.1863884,42450069.7521097,42628287.317831,42971550.4611905,43314813.6045501,43658076.7479096,44001339.8912692,44344603.0346287,44616507.092033,44888411.1494373,45160315.2068416,45432219.2642459,45704123.3216502,45974799.2316115,46245475.1415729,46516151.0515342,46786826.9614956,47057502.8714569
181,3470416.19688253,3532328.82747711,3594241.4580717,3656154.08866628,3718066.71926086,3779979.34985545,3850189.9599892,3920400.57012296,3990611.18025672,4060821.79039048,4131032.40052423,4139262.05901559,4147491.71750695,4155721.37599831,4163951.03448967,4172180.69298103,4199768.5922682,4227356.49155537,4254944.39084254,4282532.29012971,4310120.18941688
182,23123522.6150809,23497684.7171382,23871846.8191955,24246008.9212528,24620171.02331,24994333.1253673,25331254.3427593,25668175.5601513,26005096.7775434,26342017.9949354,26678939.2123274,26648865.9233125,26618792.6342975,26588719.3452826,26558646.0562677,26528572.7672528,26562288.139617,26596003.5119813,26629718.8843455,26663434.2567098,26697149.6290741
183,7899241.99505447,7944596.06590608,7989950.13675768,8035304.20760928,8080658.27846089,8126012.34931249,8157366.06687397,8188719.78443545,8220073.50199693,8251427.21955841,8282780.93711989,8258134.88089368,8233488.82466746,8208842.76844124,8184196.71221503,8159550.65598881,8143752.22814184,8127953.80029487,8112155.37244789,8096356.94460092,8080558.51675395
184,35127755.5661359,35259470.3242669,35391185.0823978,35522899.8405288,35654614.5986598,35786329.3567908,35844702.3874848,35903075.4181787,35961448.4488727,36019821.4795667,36078194.5102606,36047868.7310154,36017542.9517702,35987217.172525,35956891.3932797,35926565.6140345,35863790.8141181,35801016.0142016,35738241.2142852,35675466.4143687,35612691.6144523
185,51876.2593187517,52540.1330387505,53204.0067587494,53867.8804787483,54531.7541987472,55195.6279187461,56175.8253215924,57156.0227244387,58136.220127285,59116.4175301313,60096.6149329776,60571.0577900716,61045.5006471657,61519.9435042597,61994.3863613538,62468.8292184478,62910.1697882582,63351.5103580686,63792.850927879,64234.1914976894,64675.5320674998
186,306141.471025283,308434.657784772,310727.84454426,313021.031303749,315314.218063237,317607.404822726,320017.221524507,322427.038226289,324836.854928071,327246.671629853,329656.488331635,331741.961418574,333827.434505513,335912.907592453,337998.380679392,340083.853766332,341600.883633279,343117.913500227,344634.943367175,346151.973234123,347669.00310107
187,1693657.03219588,1693324.88672182,1692992.74124776,1692660.5957737,1692328.45029964,1691996.30482558,1691009.3326044,1690022.36038322,1689035.38816204,1688048.41594086,1687061.44371968,1685202.51050701,1683343.57729434,1681484.64408168,1679625.71086901,1677766.77765635,1676077.91515545,1674389.05265455,1672700.19015366,1671011.32765276,1669322.46515187
188,281206.228508396,282243.4205318,283280.612555203,284317.804578607,285354.99660201,286392.188625414,288673.908253859,290955.627882303,293237.347510748,295519.067139193,297800.786767638,298944.517160234,300088.24755283,301231.977945426,302375.708338022,303519.438730618,304421.199401333,305322.960072047,306224.720742762,307126.481413477,308028.242084192
189,396523.028146844,394134.161974525,391745.295802205,389356.429629885,386967.563457565,384578.697285246,380329.21603834,376079.734791435,371830.25354453,367580.772297625,363331.29105072,358386.699790818,353442.108530916,348497.517271014,343552.926011113,338608.334751211,337287.117182949,335965.899614687,334644.682046426,333323.464478164,332002.246909902
190,568754.975706644,628649.635705388,688544.295704132,748438.955702876,808333.61570162,868228.275700364,1063483.26190915,1258738.24811793,1453993.23432671,1649248.22053549,1844503.20674427,1947566.48995305,2050629.77316183,2153693.0563706,2256756.33957938,2359819.62278815,2404988.9273478,2450158.23190745,2495327.5364671,2540496.84102674,2585666.14558639
191,2072193.72189809,2145129.55987992,2218065.39786175,2291001.23584357,2363937.0738254,2436872.91180722,2512055.43362869,2587237.95545015,2662420.47727161,2737602.99909307,2812785.52091454,2906380.3906056,2999975.26029665,3093570.12998771,3187164.99967877,3280759.86936983,3393799.39769871,3506838.92602758,3619878.45435646,3732917.98268533,3845957.51101421
192,147958.282262181,153000.065764344,158041.849266507,163083.63276867,168125.416270833,173167.199772995,178786.14028165,184405.080790304,190024.021298959,195642.961807613,201261.902316268,209099.908426278,216937.914536289,224775.920646299,232613.926756309,240451.93286632,248322.386450989,256192.840035659,264063.293620328,271933.747204998,279804.200789667
193,1043739.696744,1067804.42964928,1091869.16255457,1115933.89545986,1139998.62836514,1164063.36127043,1192273.67090902,1220483.98054761,1248694.2901862,1276904.59982479,1305114.90946338,1339917.47680749,1374720.0441516,1409522.61149572,1444325.17883983,1479127.74618394,1516632.91032559,1554138.07446723,1591643.23860888,1629148.40275053,1666653.56689217
194,2642736.44599166,2700198.43796637,2757660.42994109,2815122.4219158,2872584.41389052,2930046.40586523,3020808.11298368,3111569.82010213,3202331.52722058,3293093.23433903,3383854.94145748,3498607.96383211,3613360.98620675,3728114.00858139,3842867.03095603,3957620.05333067,4096091.5789042,4234563.10447774,4373034.63005128,4511506.15562482,4649977.68119836
195,5594639.66242144,5703304.21064083,5811968.75886022,5920633.30707961,6029297.855299,6137962.40351839,6270418.55241287,6402874.70130736,6535330.85020184,6667786.99909632,6800243.14799081,6967966.84715588,7135690.54632095,7303414.24548602,7471137.94465109,7638861.64381615,7821770.748422,8004679.85302785,8187588.95763369,8370498.06223954,8553407.16684538
196,21751605.0587086,22354007.9921303,22956410.9255519,23558813.8589736,24161216.7923952,24763619.7258169,25472939.7360281,26182259.7462392,26891579.7564504,27600899.7666616,28310219.7768727,29119151.4917221,29928083.2065714,30737014.9214208,31545946.6362702,32354878.3511195,33218658.7704553,34082439.189791,34946219.6091267,35810000.0284625,36673780.4477982
197,2921046.53460429,3037915.00917243,3154783.48374057,3271651.95830871,3388520.43287686,3505388.907445,3641889.02918533,3778389.15092567,3914889.272666,4051389.39440633,4187889.51614667,4346214.94269707,4504540.36924747,4662865.79579787,4821191.22234827,4979516.64889867,5158223.81606436,5336930.98323004,5515638.15039572,5694345.31756141,5873052.48472709
198,682328.728390048,693946.278800605,705563.829211162,717181.379621719,728798.930032275,740416.480442832,751993.659095335,763570.837747838,775148.016400341,786725.195052844,798302.373705347,809440.370893741,820578.368082135,831716.365270528,842854.362458922,853992.359647316,863121.520035728,872250.68042414,881379.840812552,890509.001200964,899638.161589375
199,108055.362874592,107843.625218474,107631.887562356,107420.149906238,107208.41225012,106996.674594002,107209.623399362,107422.572204723,107635.521010083,107848.469815443,108061.418620804,108556.912849819,109052.407078835,109547.901307851,110043.395536866,110538.889765882,111026.291965214,111513.694164546,112001.096363878,112488.49856321,112975.900762542
200,1941400.98421699,2226581.38383044,2511761.78344389,2796942.18305734,3082122.5826708,3367302.98228425,3914603.24878478,4461903.51528531,5009203.78178585,5556504.04828638,6103804.31478691,7062470.69235536,8021137.06992381,8979803.44749225,9938469.8250607,10897136.2026292,12301215.2599156,13705294.317202,15109373.3744884,16513452.4317748,17917531.4890612
202,5622967.95119365,5864895.40719231,6106822.86319097,6348750.31918963,6590677.77518829,6832605.23118694,7163554.84888886,7494504.46659077,7825454.08429268,8156403.7019946,8487353.31969651,8913820.3588237,9340287.39795089,9766754.43707808,10193221.4762053,10619688.5153325,11148633.8308223,11677579.1463122,12206524.461802,12735469.7772919,13264415.0927817
203,157940018.822852,159899902.083735,161859785.344618,163819668.605502,165779551.866385,167739435.127268,169513025.416842,171286615.706415,173060205.995989,174833796.285562,176607386.575136,178147462.260243,179687537.94535,181227613.630457,182767689.315564,184307765.000671,185756417.177009,187205069.353348,188653721.529687,190102373.706025,191551025.882364
204,27370254.5725059,27746143.0824884,28122031.5924709,28497920.1024534,28873808.6124359,29249697.1224184,29486082.0195686,29722466.9167188,29958851.813869,30195236.7110191,30431621.6081693,30677775.1557062,30923928.7032431,31170082.25078,31416235.798317,31662389.3458539,31891941.4819315,32121493.6180092,32351045.7540868,32580597.8901645,32810150.0262421
205,14370742.7163981,14783485.8098778,15196228.9033576,15608971.9968373,16021715.090317,16434458.1837967,16718000.2203103,17001542.2568238,17285084.2933374,17568626.3298509,17852168.3663645,18111587.5294464,18371006.6925283,18630425.8556101,18889845.018692,19149264.1817739,19399439.2410496,19649614.3003252,19899789.3596009,20149964.4188766,20400139.4781523
206,19584501.5650346,20013537.3858251,20442573.2066157,20871609.0274062,21300644.8481968,21729680.6689874,22155590.5523381,22581500.4356889,23007410.3190397,23433320.2023905,23859230.0857412,24271523.2509109,24683816.4160805,25096109.5812501,25508402.7464197,25920695.9115893,26309080.0544264,26697464.1972634,27085848.3401005,27474232.4829376,27862616.6257746
207,49010703.6872409,49488482.6086759,49966261.5301109,50444040.4515459,50921819.3729809,51399598.2944159,51864437.4694004,52329276.6443849,52794115.8193695,53258954.994354,53723794.1693386,54263439.0353361,54803083.9013337,55342728.7673313,55882373.6333289,56422018.4993265,56877420.7334949,57332822.9676634,57788225.2018318,58243627.4360003,58699029.6701688
208,4306846.46192728,4432283.13746801,4557719.81300874,4683156.48854947,4808593.16409021,4934029.83963094,5059839.434174,5185649.02871706,5311458.62326012,5437268.21780318,5563077.81234624,5674666.83727481,5786255.86220339,5897844.88713196,6009433.91206054,6121022.93698911,6204141.60110614,6287260.26522317,6370378.9293402,6453497.59345723,6536616.25757426
209,248373358.967998,252105030.05097,255836701.133941,259568372.216913,263300043.299884,267031714.382856,271051002.298379,275070290.213902,279089578.129426,283108866.044949,287128153.960473,291443806.555637,295759459.150802,300075111.745967,304390764.341132,308706416.936296,312928154.88344,317149892.830583,321371630.777727,325593368.72487,329815106.672013
210,116395399.783713,116668944.136514,116942488.489315,117216032.842116,117489577.194917,117763121.547717,117866075.340082,117969029.132447,118071982.924812,118174936.717177,118277890.509542,118178773.232566,118079655.955591,117980538.678616,117881421.40164,117782304.124665,117535858.843851,117289413.563037,117042968.282223,116796523.00141,116550077.720596
212,380014.55555111,392561.27497685,405107.99440259,417654.713828331,430201.433254071,442748.152679811,458143.57537137,473538.998062929,488934.420754488,504329.843446047,519725.266137605,534960.443096765,550195.620055925,565430.797015084,580665.973974244,595901.150933403,611500.032351703,627098.913770002,642697.795188302,658296.676606602,673895.558024901
213,0,0,0,0,0,0,0,0,0,0,0,0,0,0,0,0,0,0,0,0,0
214,18233698.0278084,18603450.0056019,18973201.9833955,19342953.961189,19712705.9389826,20082457.9167761,20464545.8707908,20846633.8248055,21228721.7788202,21610809.7328348,21992897.6868495,22474944.6942912,22956991.7017329,23439038.7091746,23921085.7166163,24403132.724058,24809826.0521422,25216519.3802265,25623212.7083107,26029906.036395,26436599.3644793
215,752729.56280769,768907.785346201,785086.007884712,801264.230423223,817442.452961734,833620.675500246,857018.843794384,880417.012088523,903815.180382662,927213.3486768,950611.516970939,976585.844721434,1002560.17247193,1028534.50022242,1054508.82797292,1080483.15572341,1106968.35632688,1133453.55693035,1159938.75753382,1186423.95813729,1212909.15874075
216,159771260.775217,162077491.90317,164383723.031122,166689954.159075,168996185.287028,171302416.41498,173699867.315491,176097318.216001,178494769.116511,180892220.017021,183289670.917532,185758611.12117,188227551.324808,190696491.528446,193165431.732085,195634371.935723,197812759.590643,199991147.245564,202169534.900484,204347922.555404,206526310.210325
218,7452725.22654279,7511104.15019055,7569483.07383831,7627861.99748608,7686240.92113384,7744619.8447816,7816234.08730685,7887848.32983211,7959462.57235736,8031076.81488262,8102691.05740788,8171001.63786166,8239312.21831544,8307622.79876922,8375933.379223,8444243.95967679,8502529.60820611,8560815.25673544,8619100.90526477,8677386.55379409,8735672.20232342
219,11872.6676285097,11871.452475052,11870.2373215943,11869.0221681366,11867.8070146789,11866.5918612213,11875.4841110753,11884.3763609292,11893.2686107832,11902.1608606372,11911.0531104912,11919.3641963501,11927.675282209,11935.9863680679,11944.2974539268,11952.6085397857,12001.2084051071,12049.8082704286,12098.40813575,12147.0080010715,12195.6078663929
220,46129.8446199141,46422.058923793,46714.2732276718,47006.4875315506,47298.7018354294,47590.9161393083,47859.5966435779,48128.2771478475,48396.9576521171,48665.6381563866,48934.3186606562,50573.616344031,52212.9140274057,53852.2117107804,55491.5093941551,57130.8070775298,58034.3530292227,58937.8989809156,59841.4449326085,60744.9908843014,61648.5368359943
221,83347.3524611003,85715.0294281695,88082.7063952388,90450.383362308,92818.0603293773,95185.7372964465,97167.4189467486,99149.1005970507,101130.782247353,103112.463897655,105094.145547957,107579.263706565,110064.381865174,112549.500023783,115034.618182391,117519.736341,119932.03370094,122344.331060881,124756.628420821,127168.925780761,129581.223140702
222,6768744.14990093,6808757.01576397,6848769.88162701,6888782.74749005,6928795.6133531,6968808.47921614,7039505.05647375,7110201.63373137,7180898.21098898,7251594.7882466,7322291.36550421,7401099.93240366,7479908.4993031,7558717.06620254,7637525.63310198,7716334.20000142,7787308.08467744,7858281.96935346,7929255.85402948,8000229.7387055,8071203.62338152
223,4682473.5023719,4714355.54731321,4746237.59225451,4778119.63719582,4810001.68213713,4841883.72707843,4902088.51601531,4962293.3049522,5022498.09388908,5082702.88282596,5142907.67176284,5214612.89719068,5286318.12261851,5358023.34804634,5429728.57347418,5501433.79890201,5565675.57572275,5629917.35254349,5694159.12936424,5758400.90618498,5822642.68300572
224,5054370.10118248,5120633.84804071,5186897.59489894,5253161.34175716,5319425.08861539,5385688.83547361,5445938.50980119,5506188.18412877,5566437.85845635,5626687.53278393,5686937.2071115,5741349.04303255,5795760.87895359,5850172.71487463,5904584.55079567,5958996.38671672,6002704.80424307,6046413.22176943,6090121.63929578,6133830.05682213,6177538.47434849
227,126765.661590209,128172.904200728,129580.146811247,130987.389421766,132394.632032285,133801.874642804,135195.078437565,136588.282232326,137981.486027086,139374.689821847,140767.893616608,141985.503184716,143203.112752824,144420.722320931,145638.331889039,146855.941457147,148044.306423825,149232.671390504,150421.036357182,151609.401323861,152797.766290539
228,104119.047293972,104385.663375064,104652.279456156,104918.895537248,105185.51161834,105452.127699432,105640.373671676,105828.619643921,106016.865616165,106205.111588409,106393.357560654,106389.317324726,106385.277088799,106381.236852871,106377.196616944,106373.156381016,106298.446285914,106223.736190813,106149.026095711,106074.316000609,105999.605905507
231,894895.743791226,927223.158026813,959550.572262401,991877.986497988,1024205.40073358,1056532.81496916,1073329.26017646,1090125.70538376,1106922.15059106,1123718.59579836,1140515.04100566,1170196.35608218,1199877.67115869,1229558.98623521,1259240.30131173,1288921.61638825,1319866.67323538,1350811.7300825,1381756.78692963,1412701.84377676,1443646.90062389
232,258541.5047932,259398.121716553,260254.738639907,261111.35556326,261967.972486613,262824.589409966,263122.072535056,263419.555660145,263717.038785234,264014.521910323,264312.005035413,264153.470887838,263994.936740264,263836.402592689,263677.868445115,263519.33429754,262875.75830544,262232.182313339,261588.606321238,260945.030329137,260301.454337036
237,53980.7914932822,56123.2630757794,58265.7346582766,60408.2062407738,62550.677823271,64693.1494057682,65173.1404936059,65653.1315814436,66133.1226692812,66613.1137571189,67093.1048449566,67531.6552988202,67970.2057526838,68408.7562065473,68847.3066604109,69285.8571142745,67294.0654100269,65302.2737057792,63310.4820015316,61318.690297284,59326.8985930363
244,154476.229928172,153599.998942168,152723.767956165,151847.536970162,150971.305984159,150095.074998155,154083.389217124,158071.703436093,162060.017655061,166048.33187403,170036.646092998,172039.383213015,174042.120333033,176044.85745305,178047.594573067,180050.331693084,181378.391816553,182706.451940022,184034.512063492,185362.572186961,186690.63231043
245,16505.2578615225,16497.973835501,16490.6898094796,16483.4057834581,16476.1217574367,16468.8377314152,17946.9528537234,19425.0679760315,20903.1830983396,22381.2982206477,23859.4133429559,24728.8795832263,25598.3458234967,26467.812063767,27337.2783040374,28206.7445443078,28545.0364847829,28883.328425258,29221.6203657331,29559.9123062082,29898.2042466832
247,373301.281357378,380416.046531999,387530.811706621,394645.576881242,401760.342055864,408875.107230485,415999.022166286,423122.937102086,430246.852037886,437370.766973687,444494.681909487,451267.476909471,458040.271909456,464813.06690944,471585.861909425,478358.656909409,484539.247116113,490719.837322816,496900.42752952,503081.017736223,509261.607942926
248,2384.12442939197,2360.91307295479,2337.70171651762,2314.49036008044,2291.27900364327,2268.06764720609,2441.27606949616,2614.48449178623,2787.6929140763,2960.90133636637,3134.10975865645,3213.89092118643,3293.67208371641,3373.45324624639,3453.23440877637,3533.01557130635,3540.69565875734,3548.37574620834,3556.05583365933,3563.73592111033,3571.41600856132
249,4533.29909733161,4574.07731221777,4614.85552710393,4655.63374199009,4696.41195687625,4737.19017176241,5227.77111760558,5718.35206344875,6208.93300929192,6699.51395513509,7190.09490097827,7532.68841120065,7875.28192142303,8217.87543164541,8560.4689418678,8903.06245209018,9099.49461963157,9295.92678717295,9492.35895471434,9688.79112225573,9885.22328979712
250,101200.636673865,103327.06336183,105453.490049795,107579.91673776,109706.343425725,111832.77011369,112273.568857874,112714.367602058,113155.166346242,113595.965090426,114036.76383461,114645.175627012,115253.587419414,115861.999211815,116470.411004217,117078.822796619,117511.56126758,117944.299738542,118377.038209504,118809.776680466,119242.515151428
260,0,0,0,0,0,0,0,0,0,0,0,0,0,0,0,0,0,0,0,0,0
261,0,0,0,0,0,0,0,0,0,0,0,0,0,0,0,0,0,0,0,0,0
262,0,0,0,0,0,0,0,0,0,0,0,0,0,0,0,0,0,0,0,0,0
263,0,0,0,0,0,0,0,0,0,0,0,0,0,0,0,0,0,0,0,0,0
264,0,0,0,0,0,0,0,0,0,0,0,0,0,0,0,0,0,0,0,0,0
266,0,0,0,0,0,0,0,0,0,0,0,0,0,0,0,0,0,0,0,0,0
267,0,0,0,0,0,0,0,0,0,0,0,0,0,0,0,0,0,0,0,0,0
269,0,0,0,0,0,0,0,0,0,0,0,0,0,0,0,0,0,0,0,0,0
270,0,0,0,0,0,0,0,0,0,0,0,0,0,0,0,0,0,0,0,0,0
272,0.0756643539796786,0.074958850907407,0.0742533478351355,0.073547844762864,0.0728423416905925,0.072136838618321,0.0716665753091552,0.0711963119999894,0.0707260486908236,0.0702557853816578,0.0697855220724921,0.0693829180757934,0.0689803140790948,0.0685777100823961,0.0681751060856975,0.0677725020889988,0.0672792734113117,0.0667860447336245,0.0662928160559373,0.0657995873782501,0.065306358700563
273,0,0,0,0,0,0,0,0,0,0,0,0,0,0,0,0,0,0,0,0,0
274,0,0,0,0,0,0,0,0,0,0,0,0,0,0,0,0,0,0,0,0,0
275,0,0,0,0,0,0,0,0,0,0,0,0,0,0,0,0,0,0,0,0,0
276,0,0,0,0,0,0,0,0,0,0,0,0,0,0,0,0,0,0,0,0,0
277,0,0,0,0,0,0,0,0,0,0,0,0,0,0,0,0,0,0,0,0,0
248100,0,0,0,0,0,0,0,0,0,0,0,0,0,0,0,0,0,0,0,0,0
248200,0,0,0,0,0,0,0,0,0,0,0,0,0,0,0,0,0,0,0,0,0
248300,0,0,0,0,0,0,0,0,0,0,0,0,0,0,0,0,0,0,0,0,0
248400,0,0,0,0,0,0,0,0,0,0,0,0,0,0,0,0,0,0,0,0,0
248500,0,0,0,0,0,0,0,0,0,0,0,0,0,0,0,0,0,0,0,0,0
248600,0,0,0,0,0,0,0,0,0,0,0,0,0,0,0,0,0,0,0,0,0
258410,0,0,0,0,0,0,0,0,0,0,0,0,0,0,0,0,0,0,0,0,0
258420,0,0,0,0,0,0,0,0,0,0,0,0,0,0,0,0,0,0,0,0,0
258431,0,0,0,0,0,0,0,0,0,0,0,0,0,0,0,0,0,0,0,0,0
258432,0,0,0,0,0,0,0,0,0,0,0,0,0,0,0,0,0,0,0,0,0
258441,0,0,0,0,0,0,0,0,0,0,0,0,0,0,0,0,0,0,0,0,0
258442,0,0,0,0,0,0,0,0,0,0,0,0,0,0,0,0,0,0,0,0,0
258510,0,0,0,0,0,0,0,0,0,0,0,0,0,0,0,0,0,0,0,0,0
258520,0,0,0,0,0,0,0,0,0,0,0,0,0,0,0,0,0,0,0,0,0
258600,0,0,0,0,0,0,0,0,0,0,0,0,0,0,0,0,0,0,0,0,0
258700,0,0,0,0,0,0,0,0,0,0,0,0,0,0,0,0,0,0,0,0,0
288100,0,0,0,0,0,0,0,0,0,0,0,0,0,0,0,0,0,0,0,0,0
288200,0,0,0,0,0,0,0,0,0,0,0,0,0,0,0,0,0,0,0,0,0
288300,0,0,0,0,0,0,0,0,0,0,0,0,0,0,0,0,0,0,0,0,0
